7.34315
10.6822
13.8226
16.9542
15.4017
17.9167
21.729
26.7957
30.6235
30.2261
28.3202
31.4663
27.3577
23.1919
26.6315
31.0477
27.2667
29.3517
32.7808
23.4402
29.3939
27.3411
29.445
31.1383
30.4172
23.5183
28.811
25.7586
31.1349
26.213
31.4994
29.4028
28.5279
27.5544
38.793
28.7611
26.5367
29.4512
24.9301
27.5359
28.081
27.5608
28.6428
26.6945
28.6278
31.6214
26.0046
25.0168
25.3407
26.7396
26.6662
34.8068
35.964
30.1615
26.2548
36.9313
35.7605
30.2216
23.9133
22.6791
25.4911
29.7087
26.5757
28.8504
25.6472
28.9568
25.9751
27.2401
26.7351
28.817
31.462
31.1798
27.7955
30.0219
33.2481
25.0613
29.7875
28.836
29.992
25.9114
26.1518
70.0274
33.7049
80.4409
79.342
72.2846
48.3153
99.8267
66.7697
56.2839
40.8082
36.3833
43.5852
27.2224
32.2754
37.0981
36.4099
39.6338
40.4018
25.4883
28.3139
30.166
29.2255
30.1751
34.8588
28.5019
30.7508
34.1743
28.6889
30.6898
29.5009
27.3742
34.0268
31.1566
30.2917
30.5514
41.202
30.2488
40.7032
34.6174
31.4017
32.0429
46.1407
49.364
43.2277
41.5196
37.1122
35.7638
44.4545
67.9725
40.6097
42.8607
44.0806
40.2313
35.2286
38.0976
36.0977
16.9919
15.3412
24.1489
24.89
24.8946
29.0964
29.697
34.1688
35.8689
29.8284
31.9223
30.877
35.8995
34.4535
29.9862
39.3205
30.9745
34.2648
34.7587
33.8432
31.0459
27.9397
33.779
32.6062
34.1368
39.7422
32.4932
35.4369
30.8969
37.4858
35.5329
34.6398
38.9244
31.4067
30.8269
26.9161
36.6838
36.2461
33.5191
36.5352
37.7733
30.7152
28.2291
37.4475
30.7294
34.4762
28.5336
32.3491
31.5036
36.7373
35.7053
32.7096
33.8636
29.7599
36.0137
31.1342
14.4841
14.5303
13.4255
18.3648
14.26
17.3747
20.7834
19.4517
21.6493
26.2811
30.5909
41.5417
38.7607
41.1812
33.3293
39.2915
31.9117
35.3393
32.8323
33.4888
33.6573
38.9045
36.0438
32.2894
38.8115
33.4899
33.1817
29.5857
32.6537
31.0504
35.5987
30.8588
35.1933
29.2433
34.2946
36.4398
42.5559
38.4307
38.0423
33.064
32.0689
32.5505
35.2361
31.71
26.7725
35.1237
33.0398
35.9364
33.1203
24.7827
38.0451
31.7284
36.2152
33.7727
32.6523
43.8088
37.5375
32.6384
35.4844
36.4284
34.462
38.5978
34.7465
37.0239
45.0653
30.7728
33.666
37.2257
41.5993
33.5476
30.4143
35.8611
30.6733
40.1227
29.7428
34.396
37.737
34.5009
31.5623
37.8983
34.3025
34.5792
31.4088
31.3513
32.2203
32.2177
31.1409
35.8896
34.924
29.5335
33.2353
33.0222
36.5578
40.2648
55.5505
32.3465
35.3936
51.2011
43.5774
32.8647
35.5368
35.6372
31.3357
36.9139
39.0195
36.2062
42.3765
33.3617
31.9025
