1403715523912143104.000000 0.000000000 0.000000000 0.000000000 -0.000000000 -0.000000000 -0.000000000 1.000000000
1403715528412143104.000000 -0.000751315 -0.019928530 -0.000187339 -0.005677782 0.000099229 -0.000636034 0.999983668
1403715528462142976.000000 -0.003931850 -0.031075785 0.001122940 -0.010930913 0.000265048 0.000310440 0.999940217
1403715528512143104.000000 -0.013663755 -0.056006335 0.000737259 -0.015071902 0.000826944 0.001534415 0.999884903
1403715528562142976.000000 -0.028210502 -0.101001792 -0.000056065 -0.015941694 0.000911927 0.003364736 0.999866843
1403715528612143360.000000 -0.045576606 -0.164306641 -0.000402070 -0.014181117 0.001028600 0.004750328 0.999887645
1403715528662142976.000000 -0.067712948 -0.243356079 0.000379673 -0.011722909 0.001459288 0.006598742 0.999908447
1403715528712143104.000000 -0.092312746 -0.333499461 -0.001067432 -0.009611689 0.002105559 0.008260976 0.999917507
1403715528762143232.000000 -0.121647045 -0.433329344 -0.003402065 -0.007761709 0.002795870 0.009341969 0.999922335
1403715528812143104.000000 -0.152718455 -0.541678727 -0.006155173 -0.006502511 0.003811724 0.009386540 0.999927521
1403715528862142976.000000 -0.183504164 -0.656297266 -0.009143932 -0.004258869 0.004355181 0.008773251 0.999942958
1403715528912143104.000000 -0.219351918 -0.775705576 -0.015946543 -0.003083515 0.004995400 0.009201615 0.999940455
1403715528962142976.000000 -0.256954730 -0.891819298 -0.024452727 -0.002884623 0.005703016 0.008588153 0.999942720
1403715529012143104.000000 -0.302190423 -1.005612016 -0.033832464 -0.003901412 0.005317970 0.006762224 0.999955416
1403715529062142976.000000 -0.356941313 -1.125338554 -0.048950884 -0.005877303 0.002695050 0.007402358 0.999951720
1403715529112143360.000000 -0.419374496 -1.263388753 -0.070645310 -0.005538182 -0.002082366 0.007140006 0.999957025
1403715529162142976.000000 -0.483127505 -1.420253634 -0.097332478 -0.005851082 -0.008346234 0.005934643 0.999930441
1403715529212143104.000000 -0.548946083 -1.594038248 -0.130705178 -0.007784593 -0.016196718 0.003803361 0.999831319
1403715529262143232.000000 -0.621054888 -1.781029105 -0.174827650 -0.010479782 -0.024480017 0.001178880 0.999644697
1403715529312143104.000000 -0.696409822 -1.965340495 -0.209920511 -0.013407690 -0.033175580 -0.002651301 0.999356091
1403715529512143104.000000 -1.019243240 -2.561223984 -0.233969614 -0.015101507 -0.067474470 -0.020162476 0.997402966
1403715529712143104.000000 -1.372413635 -2.935468435 -0.067538723 -0.008476403 -0.086967908 -0.030458918 0.995709300
1403715529812143104.000000 -1.579946756 -3.146009922 0.031944424 -0.007058820 -0.093313806 -0.033090867 0.995061696
1403715530062142976.000000 -2.155427217 -3.762646437 0.270622820 0.008998008 -0.101149805 -0.035505679 0.994196713
1403715530362142976.000000 -3.092811346 -5.051538944 0.225800768 0.004643410 -0.094665080 -0.050640203 0.994209528
1403715530462142976.000000 -3.528721809 -5.581499577 0.080865785 0.002391435 -0.098331168 -0.043761656 0.994188190
1403715531612143360.000000 -9.392903328 -10.027570724 -0.078424454 -0.007465624 -0.194683582 -0.023053993 0.980566740
1403715532012143104.000000 -10.685672760 -10.571248055 1.184680223 0.021594319 -0.183497176 -0.044241801 0.981786728
1403715532162142976.000000 -11.092827797 -10.711827278 1.573413134 0.026893884 -0.179562539 -0.048698846 0.982172310
1403715532312143104.000000 -11.475023270 -10.813114166 1.849989653 0.027089430 -0.184607282 -0.047132540 0.981307745
1403715532762143232.000000 -12.028152466 -10.870110512 2.221315145 0.014238363 -0.216937408 -0.000441929 0.976081550
1403715532912143104.000000 -11.850562096 -10.772584915 2.347890377 0.015207385 -0.215156138 0.009793410 0.976412117
1403715533362142976.000000 -9.651969910 -9.821719170 2.945855618 0.030687954 -0.114321895 0.032049686 0.992452323
1403715533512143104.000000 -8.415619850 -9.765192032 2.862873793 0.019715678 -0.090170875 0.035517775 0.995097518
1403715533712143104.000000 -6.461936474 -10.125418663 2.450443029 -0.002602673 -0.082001992 0.065130822 0.994498312
1403715533912143104.000000 -3.980535984 -10.685989380 1.945812464 -0.009573226 -0.071848430 0.058103155 0.995675743
1403715534112143360.000000 -1.197050214 -11.022445679 1.630924821 -0.008443851 -0.060771424 0.030014725 0.997664571
1403715534312143104.000000 1.681481123 -10.963367462 1.468381763 -0.007998182 -0.054123793 0.002488759 0.998499095
1403715534562142976.000000 5.143605232 -10.283585548 1.606794715 -0.007484958 -0.036288515 -0.001422307 0.999312341
1403715534762143232.000000 7.780900002 -9.694480896 1.797746897 -0.016487898 0.001000518 0.012389868 0.999786794
1403715534962142976.000000 10.294627190 -9.109175682 2.182525158 -0.038135815 0.058544926 0.027903808 0.997165740
1403715535112143360.000000 12.109179497 -8.682453156 2.574447393 -0.049810067 0.093750440 0.039031226 0.993582606
1403715535462142976.000000 15.977948189 -8.144371033 4.131251335 -0.066660590 0.121314406 0.078853995 0.987229109
1403715535712143104.000000 18.762430191 -8.123250008 5.848195553 -0.026033390 0.118686885 0.081637181 0.989227533
1403715536012143104.000000 22.196151733 -8.082392693 8.055407524 -0.031180212 0.077698261 0.032591116 0.995956182
1403715536212143104.000000 24.356588364 -8.170619011 9.636820793 -0.050811119 0.049616776 0.014339363 0.997371912
1403715536312143104.000000 25.314441681 -8.294634819 10.520070076 -0.054898683 0.042093463 0.002239134 0.997601807
1403715536512143104.000000 27.036689758 -8.679465294 12.482423782 -0.038311034 0.036807641 -0.030894786 0.998109698
1403715536612143360.000000 27.690809250 -8.914151192 13.534660339 -0.025874401 0.036943492 -0.041514754 0.998119354
1403715536712143104.000000 28.245433807 -9.276606560 14.585186958 -0.010813354 0.036286671 -0.046573028 0.998197019
1403715536812143104.000000 28.597444534 -9.615624428 15.634792328 0.013735824 0.033448119 -0.047931105 0.998195946
1403715537012143104.000000 28.976402283 -10.333893776 17.526081085 0.055296313 0.034180231 -0.071927987 0.995289087
1403715537112143360.000000 28.937915802 -10.718323708 18.287101746 0.081431851 0.035996709 -0.080773845 0.992748082
1403715537262143232.000000 28.415193558 -11.231354713 19.056257248 0.123365484 0.037525035 -0.080807835 0.988353670
1403715537362142976.000000 27.825197220 -11.532174110 19.247077942 0.129881352 0.026977595 -0.052015122 0.989796698
1403715537462142976.000000 27.119764328 -11.743453026 19.187555313 0.103109971 0.014861607 -0.018216586 0.994392097
1403715537612143360.000000 25.921102524 -11.937816620 18.739660263 0.039167803 0.004449334 0.018666083 0.999048412
1403715537762143232.000000 24.776603699 -12.104627609 18.101289749 0.027202280 0.004104170 0.035329740 0.998996973
1403715537912143104.000000 23.723510742 -12.296468735 17.363847733 0.048268616 0.007065543 0.039655935 0.998021841
1403715538112143360.000000 22.480899811 -12.314696312 16.121929169 0.029767735 0.007970639 0.047417045 0.998399734
1403715538262143232.000000 21.669313431 -12.193099022 15.120572090 0.014485178 0.021256620 0.059319779 0.997907579
1403715538612143360.000000 20.384569168 -11.123967171 12.661190987 0.053021990 0.101520345 0.052980650 0.992005765
1403715539762143232.000000 16.158082962 -4.172375202 2.393501759 -0.014393984 0.437538087 0.195385203 0.877597809
1403715540012143104.000000 15.497247696 -3.707619905 0.068350792 -0.030939745 0.430804819 0.205472723 0.878197551
1403715540262143232.000000 15.396814346 -3.737589598 -2.276309967 -0.049615905 0.408602446 0.235225856 0.880483449
1403715540612143360.000000 16.543987274 -3.734789848 -5.180849552 -0.081802428 0.414729178 0.200005159 0.883915186
1403715541112143360.000000 20.558364868 -3.691895247 -7.731994629 -0.054005388 0.425874114 0.209109426 0.878628433
1403715541312143104.000000 22.814712524 -3.697516441 -8.410232544 -0.023091134 0.424573869 0.220710352 0.877776027
1403715541862142976.000000 30.103250504 -3.175817013 -9.999285698 -0.070380859 0.450332135 0.154148072 0.876633286
1403715541962142976.000000 31.561990738 -3.105370760 -10.098634720 -0.070506394 0.453206837 0.128966585 0.879204214
1403715542412143104.000000 36.500293732 -3.848782539 -8.745500565 0.002092412 0.384851515 0.082287878 0.919300616
1403715542562142976.000000 37.518817902 -4.248540878 -8.089504242 0.038604032 0.343507469 0.092100628 0.933825374
1403715542912143104.000000 38.981533051 -4.767818451 -6.861275673 0.015262605 0.296655864 0.103528380 0.949233472
1403715543312143104.000000 39.936916351 -4.555131912 -5.919484138 0.030833839 0.286533833 0.127586246 0.949036062
1403715543762143232.000000 40.509906769 -3.784339666 -5.992690086 0.044968519 0.315548837 0.088166073 0.943733811
1403715543912143104.000000 40.406856537 -3.333921671 -6.279097557 0.039610215 0.347789228 0.069026947 0.934188962
1403715544112143360.000000 39.767959595 -2.656202078 -6.747834206 0.015303373 0.404110640 0.080975853 0.910990298
1403715544262143232.000000 38.975097656 -1.942536116 -7.040303230 0.004478837 0.452663064 0.126320124 0.882677376
1403715544412143104.000000 38.051990509 -0.949170113 -7.258402824 0.000005462 0.505638778 0.173389047 0.845142424
1403715544612143360.000000 36.558086395 0.456377029 -7.422660828 0.000842022 0.568307042 0.209921405 0.795587540
1403715544812143104.000000 34.955871582 1.219215393 -7.812416077 0.009085749 0.600554705 0.207556337 0.772121727
1403715545062142976.000000 32.645309448 1.023617744 -8.678239822 -0.001913885 0.606615841 0.212460756 0.766076982
1403715545212143104.000000 31.120553970 0.893598080 -9.150763512 -0.011902023 0.617318511 0.220898107 0.754970431
1403715545362142976.000000 29.581001282 0.968543053 -9.527486801 -0.017028492 0.633165717 0.233170033 0.737863779
1403715545512143104.000000 28.079135895 1.094006538 -9.891255379 -0.000335956 0.639076829 0.257734567 0.724674821
1403715545712143104.000000 26.066564560 1.139411926 -10.537593842 0.016987026 0.639482379 0.279237419 0.716100693
1403715545862142976.000000 24.600847244 1.268159866 -11.191724777 0.012254634 0.634101272 0.273080528 0.723320425
1403715546062142976.000000 22.600090027 1.408213139 -12.204172134 -0.006892557 0.609761596 0.240783587 0.755093813
1403715546262143232.000000 20.588310242 1.568653584 -13.253590584 -0.012116387 0.551434934 0.210704908 0.807078838
1403715546512143104.000000 18.084297180 1.611319780 -14.642009735 -0.013491871 0.450967431 0.180187881 0.874058723
1403715546762143232.000000 15.640555382 1.627168059 -15.923287392 -0.037493479 0.340933442 0.141709492 0.928588748
1403715547212143104.000000 11.944051743 1.515282989 -17.621643066 -0.067737147 0.146391809 0.057102013 0.985251486
1403715547562142976.000000 9.419503212 1.110163450 -17.520986557 -0.079234801 0.018004911 -0.001010933 0.996692896
1403715548062142976.000000 5.016709328 -0.436780155 -14.878037453 -0.050084986 -0.149488315 -0.064843476 0.985362947
1403715548562142976.000000 -0.145793661 -1.929265261 -10.464441299 -0.000962760 -0.170206502 -0.070544265 0.982879639
1403715548912143104.000000 -4.015141964 -2.483011961 -7.404183865 -0.003658078 -0.160620332 -0.050768536 0.985702932
1403715549262143232.000000 -8.080700874 -3.100732803 -4.583087921 0.029375318 -0.185310185 -0.051161215 0.980907619
1403715549612143360.000000 -11.633247375 -3.671476364 -2.446168661 0.011626897 -0.217832059 -0.020342935 0.975704968
1403715549912143104.000000 -13.697007179 -4.036749840 -0.714589477 -0.003695257 -0.185195550 0.025654014 0.982359827
1403715550212143104.000000 -14.352978706 -4.681937695 1.197882533 -0.018509541 -0.086599521 0.070050322 0.993605018
1403715550562142976.000000 -13.206313133 -6.289393425 3.387997866 -0.015782781 0.053715345 0.077496566 0.995419443
1403715550862142976.000000 -11.490071297 -7.425342560 5.364804745 -0.011971374 0.157519102 0.143391356 0.976976633
1403715551412143104.000000 -6.013560772 -8.312525749 8.075157166 0.008097050 0.347311020 0.226067111 0.910056710
1403715551912143104.000000 1.306967735 -8.990918159 7.774281502 0.051455300 0.534799993 0.226068720 0.812547982
1403715552412143104.000000 6.963352203 -8.624848366 5.366765022 0.042947244 0.697575212 0.211876467 0.683119833
1403715552762143232.000000 8.726552010 -8.199159622 3.475109100 0.060001303 0.795969307 0.244962558 0.550296366
1403715553062142976.000000 8.418663025 -7.708903790 1.788089275 0.075761780 0.853584826 0.307308763 0.413780808
1403715553362142976.000000 6.575123310 -6.988348961 -0.259860277 0.079250783 0.907098413 0.304648370 0.279429972
1403715553512143104.000000 4.999985695 -6.446522236 -1.269690514 0.060144618 0.937545002 0.268328100 0.213053927
1403715554062142976.000000 -2.579238415 -5.210018158 -2.463615656 -0.030694036 0.929314792 0.352840096 0.104574338
1403715554262143232.000000 -5.237599850 -4.954108715 -2.571704626 -0.040579364 0.904614210 0.411194414 0.104621217
1403715554362142976.000000 -6.463424683 -4.717470646 -2.781757593 -0.060395885 0.899217367 0.419695199 0.107779391
1403715554462142976.000000 -7.627306938 -4.370382786 -3.106356144 -0.111928858 0.904008865 0.394436479 0.121078089
1403715554562142976.000000 -8.629988670 -3.919426918 -3.471443415 -0.181390539 0.909854352 0.345985323 0.139845610
1403715554662142976.000000 -9.359700203 -3.390764713 -3.802483082 -0.240778163 0.910637021 0.299017370 0.152822316
1403715554812143104.000000 -9.716875076 -2.599853277 -4.047379494 -0.286104262 0.910075247 0.252793670 0.161254108
1403715556162142976.000000 4.641866684 -7.726073265 1.407438278 0.085380279 0.906121731 0.382548392 0.159092382
1403715556962142976.000000 1.836259604 -8.531375885 -0.469004869 -0.050637703 0.915583014 0.352343798 0.187075973
1403715557162142976.000000 1.019309878 -8.047846794 -1.140822172 -0.042710353 0.902744949 0.385402322 0.186259136
1403715557362142976.000000 0.400677562 -7.478240490 -2.145277023 -0.034797829 0.891662478 0.412770391 0.182613716
1403715558212143104.000000 -0.057485104 -4.798580647 -10.063306808 -0.041888740 0.920509219 0.356488019 0.154351577
1403715558512143104.000000 0.396428108 -4.327268600 -13.342448235 -0.051322564 0.934253037 0.317955643 0.153106064
1403715558662142976.000000 0.779722691 -3.941811085 -14.797312737 -0.032529943 0.942935348 0.293614745 0.153639823
1403715558812143104.000000 1.159788609 -3.405865669 -15.932934761 -0.031089263 0.943576694 0.287405998 0.161537319
1403715558962142976.000000 1.554428101 -2.930059433 -16.820611954 -0.044297066 0.940502346 0.282204509 0.183993772
1403715559112143360.000000 1.913919449 -2.616542816 -17.475250244 -0.053284783 0.934824944 0.276365310 0.216530174
1403715559662142976.000000 3.535192490 -2.208406448 -17.684806824 -0.055746850 0.886003077 0.308998168 0.341190517
1403715559862142976.000000 4.258061409 -1.742068291 -17.134002686 -0.064188845 0.872642457 0.309823334 0.372000605
1403715560062142976.000000 5.180123329 -1.293410301 -16.409198761 -0.078785084 0.855650306 0.300292462 0.414101452
1403715560312143104.000000 6.814118385 -1.314667702 -15.321400642 -0.062780127 0.825192213 0.305603415 0.470874757
1403715560862142976.000000 11.302883148 -2.170530796 -12.727860451 -0.052647192 0.752225757 0.278116435 0.595009208
1403715561212143104.000000 14.536612511 -2.850894928 -10.813419342 -0.049881767 0.683001399 0.256665915 0.682014287
1403715561562142976.000000 17.985498428 -3.543925285 -8.830722809 -0.017798316 0.627618134 0.255017936 0.735353351
1403715561912143104.000000 21.387311935 -4.157170296 -7.130228519 -0.010438105 0.584264576 0.190983668 0.788702250
1403715562212143104.000000 23.601203918 -4.845256329 -5.635243893 0.024303475 0.548205137 0.138930917 0.824365675
1403715562562142976.000000 24.597253799 -5.677709579 -3.768367767 -0.040529292 0.533337891 0.119761109 0.836400211
1403715562862142976.000000 24.300157547 -6.795911789 -1.390560150 -0.026601296 0.484174311 0.166082948 0.858652472
1403715563662142976.000000 21.944654465 -9.241803169 5.218257904 0.032123078 0.244407967 0.051708881 0.967759848
1403715564012143104.000000 19.516523361 -8.875826836 7.432466507 0.053423073 0.098494053 0.030446142 0.993236065
1403715564912143104.000000 13.637848854 -7.877026558 7.540748596 0.022018163 -0.321407050 -0.119951434 0.939055085
1403715565162142976.000000 12.323979378 -9.103663445 6.385262489 0.036192246 -0.423064142 -0.155991599 0.891837180
1403715565462142976.000000 10.857645035 -9.975817680 4.825587749 0.047808826 -0.538585842 -0.162715092 0.825326264
1403715565762143232.000000 9.948333740 -10.057008743 3.338424206 0.057849698 -0.647965193 -0.187767848 0.735892475
1403715565962142976.000000 9.892013550 -10.337133408 2.175218582 0.049747866 -0.724630356 -0.223148540 0.650108278
1403715566162142976.000000 10.183999062 -10.422649384 1.056679726 0.051144712 -0.795698524 -0.248713419 0.549899757
1403715566462142976.000000 11.141726494 -10.658765793 -0.390560150 0.053056262 -0.873321116 -0.277743608 0.396678448
1403715566762143232.000000 12.717646599 -10.315425873 -1.100771904 0.058875460 -0.922672629 -0.288281322 0.249204457
1403715566912143104.000000 13.536920547 -10.176980019 -1.237852097 0.052707199 -0.940508902 -0.294323325 0.161365256
1403715567012143104.000000 14.178643227 -10.126122475 -1.234416962 0.048086502 -0.948357642 -0.298127681 0.097084366
1403715567062142976.000000 14.587508202 -10.146365166 -1.223399639 0.044058438 -0.949985564 -0.302460641 0.064061128
1403715567212143104.000000 15.754768372 -10.054054260 -0.947861671 -0.028818794 0.949506223 0.309580326 0.042040613
1403715567262143232.000000 16.089706421 -10.014094353 -0.811724722 -0.026600286 0.945409179 0.315026462 0.079070933
1403715567312143104.000000 16.521089554 -10.010768890 -0.673483968 -0.025841525 0.940333843 0.319005936 0.115497597
1403715567512143104.000000 18.041095734 -9.830940247 0.025044441 -0.038950820 0.907787263 0.327183068 0.259531111
1403715567962142976.000000 21.224840164 -8.612483978 2.250436783 -0.036504555 0.800562620 0.272700012 0.532354772
1403715568412143104.000000 23.565620422 -8.022781372 4.990613937 -0.014178467 0.645119429 0.201832324 0.736806393
1403715568762143232.000000 24.491390228 -8.107234001 7.386211395 -0.006320154 0.496618360 0.150667369 0.854768753
1403715571312143104.000000 12.974349022 -8.163636208 11.935916901 0.052484263 -0.482672215 -0.143317804 0.862399518
1403715571612143360.000000 11.814122200 -7.256692886 10.108181953 0.020127820 -0.493119329 -0.147102535 0.857198417
1403715571912143104.000000 10.985150337 -5.951919556 8.801683426 -0.108964629 -0.502415061 -0.108452424 0.850848913
1403715572212143104.000000 9.883184433 -5.270259857 9.465977669 -0.118005991 -0.480417639 -0.178996891 0.850431442
1403715572812143104.000000 5.085496902 -5.160252571 12.275741577 0.058916088 -0.597968400 -0.240779698 0.762225568
1403715573112143360.000000 2.740489960 -5.318664074 11.999462128 0.046417844 -0.676988125 -0.241710544 0.693619847
1403715573362142976.000000 1.016462326 -5.772035599 11.336181641 0.029193910 -0.736612916 -0.252210110 0.626848698
1403715573612143360.000000 -0.404809952 -6.184765339 10.688253403 0.001502889 -0.786936998 -0.265272826 0.557098031
1403715573812143104.000000 -1.620668411 -6.475213051 10.288570404 0.012432796 -0.809961736 -0.305227488 0.500643194
1403715573962142976.000000 -2.592239380 -6.682884216 9.991677284 0.013493432 -0.827492952 -0.333844841 0.451243788
1403715574112143360.000000 -3.604939461 -6.885821819 9.552084923 0.007339511 -0.848706067 -0.354205579 0.392660856
1403715574312143104.000000 -5.145600319 -7.105687141 8.802255630 0.028857101 -0.883975923 -0.350755155 0.307773739
1403715574512143104.000000 -6.741250038 -7.146514416 7.877600670 0.077634424 -0.902501881 -0.345817745 0.244690314
1403715574762143232.000000 -8.271871567 -6.966839314 6.442243099 0.089100093 -0.907832623 -0.358874828 0.197762340
1403715575012143104.000000 -9.191117287 -6.727502346 4.608921051 0.049865883 -0.919851601 -0.347056985 0.175891772
1403715575262143232.000000 -9.816772461 -6.508383274 2.567056179 0.063797578 -0.935577333 -0.297902346 0.178547204
1403715575562142976.000000 -9.969246864 -6.236749649 0.491305828 0.076592684 -0.922875226 -0.318869412 0.201884091
1403715575812143104.000000 -9.383580208 -6.105831146 -1.135406494 0.119382963 -0.916309237 -0.313143909 0.219239786
1403715576062142976.000000 -7.864166260 -5.976094246 -2.859036922 0.077219039 -0.917429745 -0.317213267 0.227454662
1403715576362142976.000000 -5.335295200 -5.703903198 -4.868962765 0.052663159 -0.924026251 -0.303469628 0.226513341
1403715576862142976.000000 -0.250829220 -5.779917717 -7.076516151 0.065151699 -0.925891101 -0.277952194 0.247433841
1403715577512143104.000000 8.050870895 -5.520338535 -7.297731876 0.026055686 -0.901537478 -0.297811747 0.312824994
1403715578162142976.000000 15.560601234 -4.647540092 -5.789982796 -0.053703468 -0.877706110 -0.300148010 0.369674325
1403715578462142976.000000 17.573614120 -3.822938442 -4.135915756 -0.046228606 -0.834042132 -0.297697663 0.462182581
1403715578762143232.000000 18.437797546 -2.954685211 -2.056564331 -0.034453996 -0.761297464 -0.371482342 0.530320644
1403715578962142976.000000 18.172050476 -2.371335030 -1.243902206 -0.020177433 -0.748178005 -0.374239892 0.547509849
1403715579462142976.000000 16.033790588 -1.388389111 -2.360803604 0.107732713 -0.758637726 -0.333678305 0.549109459
1403715579712143104.000000 15.412578583 -0.421068192 -4.682773590 0.070492402 -0.768752635 -0.319388330 0.549582839
1403715579962142976.000000 15.057115555 0.374101639 -7.705136299 0.072023973 -0.776349068 -0.301360786 0.548886418
1403715580262143232.000000 14.959638596 1.733337641 -11.757647514 0.047625847 -0.751446545 -0.265323609 0.602215290
1403715580562142976.000000 15.090250015 3.379410744 -15.661882401 0.008303052 -0.707291543 -0.217428491 0.672602832
1403715580862142976.000000 15.369811058 4.709439278 -18.982686996 -0.058549065 -0.685126424 -0.182966799 0.702635705
1403715581162142976.000000 15.332130432 5.341874123 -20.689794540 -0.094978437 -0.671517789 -0.194437936 0.708686709
1403715581812143104.000000 12.935455322 5.277983665 -20.158189774 0.044045057 -0.730002105 -0.282997161 0.620539784
1403715582062142976.000000 11.946056366 5.224119663 -20.144218445 0.053102817 -0.784912288 -0.285583556 0.547297835
1403715582312143104.000000 11.100908279 5.002294540 -20.392871857 0.059125960 -0.821634233 -0.270526409 0.498233676
1403715582712143104.000000 10.377679825 5.335365295 -20.813793182 0.033261746 -0.807214260 -0.320707262 0.494414479
1403715583312143104.000000 8.277685165 6.855951309 -23.018112183 0.030940270 -0.801598072 -0.284716517 0.524804473
1403715583562142976.000000 7.127796173 7.747104645 -24.210910797 0.053049587 -0.825667858 -0.209209159 0.521238744
1403715583812143104.000000 6.791177750 8.420221329 -24.837154388 0.109291047 -0.845311224 -0.125961050 0.507580757
1403715584162142976.000000 9.557466507 7.855045319 -23.935710907 0.053300396 -0.849171042 -0.148730233 0.503931463
1403715584462142976.000000 13.829280853 6.095363617 -21.601894379 -0.028025877 -0.818351388 -0.267156988 0.508077443
1403715584812143104.000000 17.861349106 4.591882706 -17.943014145 -0.007595268 -0.796756983 -0.326680779 0.508330882
1403715585262143232.000000 20.994405746 2.805277824 -14.461258888 -0.011307041 -0.768002868 -0.382576227 0.513496995
1403715585912143104.000000 21.550060272 1.977466106 -13.900453568 0.015059275 -0.799333096 -0.326481014 0.504232168
1403715588062142976.000000 22.805883408 0.921362400 -13.511770248 0.004149973 -0.745840907 -0.223187342 0.627607763
1403715588512143104.000000 23.531082153 0.992464066 -10.610708237 0.038201332 -0.631325901 -0.163675085 0.757085621
1403715589012143104.000000 26.188390732 1.514076710 -6.830096245 -0.032221176 -0.478013933 -0.192011252 0.856502295
1403715589312143104.000000 26.830238342 1.305997133 -4.443593979 -0.059195083 -0.401656479 -0.187101588 0.894517243
1403715589912143104.000000 24.201164246 -2.623568773 1.118685722 -0.011456770 -0.340441734 -0.143243700 0.929219782
1403715590362142976.000000 20.124208450 -6.569664001 5.526776314 0.022522356 -0.362980545 -0.156370372 0.918306172
1403715590862142976.000000 14.505506516 -9.869131088 8.574892044 0.015873738 -0.502134562 -0.210795939 0.838554680
1403715591312143104.000000 8.609898567 -11.995159149 9.714542389 0.038684167 -0.648963332 -0.280345410 0.706227005
1403715591812143104.000000 1.839677811 -12.897143364 9.490999222 0.053227119 -0.780568600 -0.329728544 0.528354645
1403715592162142976.000000 -2.581531525 -11.442697525 8.459559441 0.093529925 -0.836003840 -0.352628320 0.409881651
1403715592562142976.000000 -5.981161118 -9.704854965 5.359567642 0.137017936 -0.894572377 -0.347261548 0.245714903
1403715593062142976.000000 -5.896157265 -7.672331333 -0.453592062 0.055849586 -0.934778333 -0.349508047 0.030239362
1403715593562142976.000000 -3.922514439 -5.432152748 -6.314043045 -0.081576265 0.922770262 0.327743649 0.185538158
1403715594712143104.000000 5.558629990 -2.652791977 -12.167234421 -0.094768204 0.737866342 0.245227709 0.621639490
1403715595262143232.000000 12.343610764 -2.785711765 -10.725336075 -0.061805889 0.556271374 0.245470166 0.791509092
1403715595712143104.000000 19.087280273 -2.823452711 -9.077060699 -0.012306499 0.421102345 0.111408904 0.900060833
1403715596212143104.000000 23.244209290 -3.635437965 -7.350625038 0.108473204 0.303882539 -0.013274528 0.946421087
1403715596712143104.000000 20.971750259 -5.127295017 -7.596912384 -0.106674045 0.190298051 0.078469276 0.972753763
1403715597162142976.000000 18.976278305 -7.410049438 -4.835709572 -0.140364006 0.116014808 0.078184053 0.980166197
1403715597612143360.000000 18.512214661 -10.757621765 1.443832397 0.009278826 0.046374705 0.053679619 0.997437656
1403715598162142976.000000 18.834796906 -13.886404991 8.556347847 0.038107242 -0.028866298 0.003197114 0.998851538
1403715598562142976.000000 19.225666046 -14.827269554 12.412590027 0.127481967 -0.028187554 0.022232836 0.991190970
1403715599062142976.000000 20.244956970 -13.811046600 13.117873192 0.027417103 -0.017030505 0.002897117 0.999474823
1403715599412143104.000000 20.657173157 -12.211134911 12.803959846 0.007678046 -0.025264032 0.031291146 0.999161482
1403715599812143104.000000 21.733114243 -10.161537170 12.131857872 0.032992888 -0.030408056 0.053168390 0.997577071
1403715600262143232.000000 24.105733871 -7.747034550 10.758474350 0.005451145 -0.021985857 -0.056649845 0.998137116
1403715600612143360.000000 24.295812607 -5.853166103 9.432802200 -0.027490823 -0.141831890 -0.083248831 0.986000836
1403715601012143104.000000 23.156602859 -4.955017567 8.002902031 -0.016769534 -0.290371865 -0.121007256 0.949083924
1403715602062142976.000000 16.543054581 -7.262330532 4.179666042 0.058148347 -0.322825849 -0.103981279 0.938930333
1403715603512143104.000000 8.403399467 -3.146430731 -3.308028698 -0.021840854 0.011679296 0.011429094 0.999627888
1403715604312143104.000000 4.806809425 -1.623712897 -5.292805195 -0.038625248 0.027211461 0.029499698 0.998447537
1403715604912143104.000000 3.724728346 -1.400672913 -4.585108757 -0.008548150 0.032838583 0.019237712 0.999238968
1403715605662142976.000000 2.097690821 -1.576467752 -3.139935732 -0.009705531 0.012920655 0.036630042 0.999198258
1403715606562142976.000000 0.723760962 -0.973804593 -0.796860456 0.000980421 0.000884303 0.028390966 0.999596059
1403715607812143104.000000 0.142602697 -0.213222280 0.131152928 0.004361102 0.001881153 0.005136259 0.999975562
1403715608162142976.000000 0.017279368 -0.053270355 0.106275484 -0.001882331 -0.000295235 -0.000984494 0.999997735
1403715608512143104.000000 0.018931337 -0.046257108 0.105235405 0.000016144 -0.000442479 -0.001121756 0.999999285
1403715609062142976.000000 0.020226138 -0.042888734 0.107230946 0.000099704 -0.000664433 -0.000539331 0.999999642
