4.9532
2.35496
2.49578
1.54038
1.97324
0.422338
0.529252
1.49357
0.312009
1.92381
1.5665
0.383254
0.329991
0.392815
1.26347
0.626846
0.320973
1.16074
0.314303
0.351086
1.14575
0.335726
0.353029
0.659848
1.50843
0.39226
0.314719
1.24192
0.374573
0.414649
0.343058
0.327684
1.30073
0.502917
1.57178
0.375576
0.469769
0.887282
0.398612
0.382636
0.409074
1.61907
0.39609
1.27993
0.336435
0.391269
0.660728
0.369873
0.401873
0.371052
1.23754
0.35686
0.355138
1.38349
0.356046
0.375952
0.360672
0.375686
0.35647
0.37337
0.406968
1.23262
0.502658
0.340546
1.2835
0.656193
0.742207
0.450109
0.406724
0.386729
0.383719
0.388956
0.35789
1.25632
0.367297
0.474794
0.435061
0.772465
0.444737
0.695801
0.412666
0.46513
0.727218
0.457345
0.416338
0.407377
0.373617
0.376301
0.372888
0.398223
0.400101
0.425186
0.551012
0.457119
0.37917
0.497615
0.372914
0.392891
0.581268
0.415824
0.589726
0.460183
0.423876
0.510098
0.64705
0.387539
0.477706
0.334206
0.356566
0.42949
0.470838
0.42334
0.411293
0.444156
0.380095
0.42151
0.387325
0.392007
0.671814
0.403964
0.680953
0.41409
0.637988
0.428505
0.406122
0.410471
0.665281
0.396982
0.427962
0.863867
0.747265
0.576203
0.440004
0.402145
0.417538
0.411021
0.370354
0.375293
0.355562
0.411142
0.387172
0.378204
0.342526
0.336183
0.328114
0.325667
0.370037
0.320711
0.54155
0.612846
0.413769
0.460505
0.473878
0.412564
0.324074
0.34138
0.32051
0.341617
0.310516
0.386651
0.397811
0.373475
0.33824
0.33834
0.315498
0.324054
0.336534
0.325952
0.346627
0.35992
0.341851
0.33349
0.283005
0.300194
0.332246
0.522885
0.354074
0.508637
0.365167
0.648185
0.37753
0.391579
0.410658
0.324088
0.289433
0.296112
0.324837
0.290165
0.274487
0.318863
0.353963
0.82194
0.508266
0.270244
0.291323
0.339976
0.450198
0.318603
0.348889
0.290845
0.303581
0.303116
0.240234
0.23652
0.252887
0.232773
0.229949
0.258203
0.242048
0.523852
0.351733
0.292549
0.261282
0.288016
0.255302
0.298518
0.255707
0.255868
0.251159
0.271748
0.27081
0.216386
0.215114
0.216496
0.251701
0.1999
0.205578
0.215499
0.270951
0.284624
0.311453
0.285439
0.406853
0.252513
0.386526
0.469707
0.208957
0.368878
0.216507
0.28108
0.233626
0.2267
0.201948
0.190804
0.217452
0.196382
0.197122
0.257163
0.203851
0.319979
0.241317
0.394822
0.228232
0.314871
0.254227
0.403202
0.270684
0.242249
0.244376
0.336132
0.235684
0.221149
0.205262
0.211142
0.236259
0.465233
0.39242
0.238728
0.23709
0.263932
0.326251
0.203528
0.239793
0.199105
0.314338
0.185543
0.213539
0.194428
0.233098
0.259729
0.238522
0.216614
0.204209
0.20011
0.208627
0.185747
0.25971
0.209939
0.201026
0.35355
0.60271
0.328375
0.365989
0.40856
0.464833
0.278886
0.223812
0.23405
0.293438
0.31415
0.319313
0.302334
0.344849
0.400616
0.213703
0.248766
0.222129
0.211653
0.225836
0.348923
0.362883
0.241798
0.242137
0.234514
0.24682
0.232516
0.283284
0.294926
0.226227
0.289801
0.475664
0.347719
0.365775
0.30254
0.383552
0.265042
0.235114
0.226794
0.397156
0.345288
0.371333
0.335654
0.288234
0.353359
0.224489
0.245191
0.284528
0.244546
0.314747
0.435369
0.351235
0.339909
0.288185
0.287996
0.228472
0.271863
0.231384
0.232614
0.209374
0.389265
0.342391
0.305263
0.323509
0.291367
0.258824
0.230928
0.205477
0.218739
0.419886
0.342909
0.364586
0.442481
0.281897
0.292992
0.262687
0.255277
0.247124
0.283257
0.222677
0.319568
0.453046
0.318785
0.467384
0.32795
0.291711
0.270147
0.252143
0.381669
0.420029
0.371042
0.322625
0.285154
0.331418
0.314496
0.274528
0.290432
0.253086
0.22534
0.56574
0.526958
0.382112
0.346966
0.327965
0.326472
0.299176
0.274803
0.286958
0.266309
0.317049
0.312197
0.405221
0.319957
0.309439
0.406664
0.50436
0.374753
0.28972
0.252711
0.374552
0.316226
0.334233
0.285485
0.300023
0.26883
0.261274
0.277011
0.244654
0.268063
0.350159
0.276714
0.275739
0.249134
0.243939
0.29925
0.279067
0.303612
0.23431
0.26314
0.360817
0.288251
0.283002
0.281015
0.266088
0.235809
0.251795
0.237778
0.24936
0.294067
0.3093
0.295229
0.286295
0.274342
0.472469
0.437635
0.543635
0.310686
0.27356
0.2628
0.349427
0.291429
0.353989
0.277807
0.425498
0.261923
0.266529
0.412029
0.252327
0.279822
0.430112
0.552292
0.308701
0.491536
0.329293
0.294505
0.461162
0.274532
0.323701
0.699075
0.400024
0.457002
0.272353
0.258474
0.33245
0.510872
0.329668
0.257228
0.63478
0.28406
0.366977
0.323842
0.26266
0.259975
0.552186
0.294419
0.276579
0.3117
0.324871
0.322156
0.417736
0.386044
0.283114
0.310573
0.270716
0.276809
0.461798
0.330543
0.314547
0.340713
0.60581
0.334318
0.464672
0.315807
0.376416
0.492497
0.336927
0.525153
0.367297
0.538044
0.946757
0.497233
0.315654
0.349447
0.450838
0.349679
0.385414
0.414772
0.283782
0.313999
0.537581
0.717632
0.357989
0.306724
0.282804
0.242429
0.326625
0.333782
0.351329
0.344764
0.379078
0.324236
0.360578
0.298929
0.303639
0.332985
0.307794
0.297506
0.351415
0.320683
0.278116
0.301984
0.299673
0.256451
0.480503
0.27185
0.518583
0.286589
0.433131
0.267993
0.305946
0.286868
0.269272
0.285421
0.257949
0.338075
0.350181
0.620786
0.315526
0.285263
0.254677
0.434443
0.329618
0.390321
0.269992
0.352066
0.255055
0.238833
0.229056
0.284169
0.225643
0.221241
0.229109
0.35298
0.366189
0.36504
0.279678
0.272841
0.291157
0.250574
0.423848
0.318456
0.287911
0.259346
0.25325
0.266372
0.257826
0.217183
0.225142
0.220622
0.305269
0.234509
0.208412
0.257461
0.201447
0.469528
0.272768
0.302015
0.236959
0.33868
0.239953
0.2266
0.22366
0.479937
0.241072
0.297276
0.276493
0.37208
0.255408
0.239258
0.242139
0.271577
0.22853
0.220168
0.222615
0.287731
0.247194
0.236869
0.354091
0.24303
0.309304
0.23485
0.240998
0.3441
0.428897
0.478819
0.271654
0.2321
0.2254
0.236278
0.271006
0.246585
0.237841
0.237301
0.221642
0.284714
0.29778
0.258983
0.372531
0.294325
0.232595
0.299962
0.421933
0.275351
0.301185
0.291771
0.289721
0.243837
0.364513
0.218613
0.448531
0.219977
0.302476
0.264401
0.225605
0.366441
0.261392
0.320292
0.298199
0.23616
0.244723
0.232
0.237492
0.229574
0.268788
0.289088
0.242455
0.23924
0.216111
0.311862
0.272498
0.220034
0.212458
0.256099
0.239782
0.479292
0.265147
0.274239
0.224957
0.225451
0.21749
0.200657
0.207524
0.201387
0.215033
0.340287
0.296748
0.318162
0.407988
0.280547
0.335596
0.237193
0.227841
0.268384
0.270195
0.292968
0.226234
0.226706
0.232877
0.219197
0.216282
0.27064
0.250134
0.241713
0.208112
0.40662
0.236633
0.272594
0.293277
0.20375
0.404874
0.224866
0.189248
0.179172
0.207115
0.329279
0.285054
0.391093
0.290943
0.215096
0.248739
0.260838
0.181451
0.2029
0.200771
0.252653
0.246665
0.22812
0.202611
0.20739
0.250058
0.21279
0.213901
0.303398
0.268686
0.280556
0.251605
0.246937
0.228682
0.20728
0.21771
0.245046
0.193373
0.20408
0.188054
0.27925
0.258529
0.262111
0.311028
0.247578
0.243731
0.341282
0.257951
0.245066
0.402968
0.755884
0.567449
0.893023
1.18927
0.466998
0.41742
0.718897
1.00934
0.558744
0.618713
0.449996
0.308826
0.465031
0.542967
0.44412
0.279561
0.276787
0.257534
0.44423
0.38565
4.05645
0.89905
0.601432
0.575031
0.686173
0.497699
0.473953
0.535085
0.48146
0.472257
0.652411
0.55062
0.479887
0.505438
2.35691
1.14902
0.858968
0.738491
0.541412
0.520096
2.11687
0.569428
0.711609
0.540548
1.46351
0.552131
0.598707
0.617148
0.517511
0.51373
0.407128
0.37723
0.498183
0.521574
0.527615
0.486129
0.474314
0.642604
0.606093
0.649176
0.683155
0.745227
0.645556
0.558529
0.570199
0.584513
0.544396
0.655033
0.551774
0.838311
1.49759
1.7173
0.788095
0.629762
0.619389
0.586095
0.558835
0.662925
0.583098
0.368097
0.659299
0.893649
0.577302
0.533003
0.513655
0.533743
0.669917
0.469867
0.487291
0.588316
0.348379
0.645498
0.315259
0.348175
0.319987
0.455701
0.396421
0.674176
0.840761
0.658639
0.407612
0.608887
0.578221
0.412467
0.343556
0.381103
0.507532
0.343268
0.527854
0.66653
0.734055
0.632803
0.655416
0.402852
0.487489
0.479933
0.481942
0.438085
0.616183
0.592461
0.383512
0.331652
0.325889
0.337254
0.337981
0.343579
0.317008
0.407418
0.307708
0.287873
0.714582
0.377634
0.350729
0.423079
0.385735
0.414373
0.588963
0.359534
0.355877
0.389903
0.449981
0.567689
0.475175
0.370058
0.851045
0.406699
0.585265
0.417249
0.335407
0.459341
0.580797
0.671302
0.393336
0.391448
0.624104
0.359869
0.630254
0.342466
0.580408
0.542471
0.626491
0.513616
0.596653
0.313187
0.362147
0.284492
0.299279
0.342211
0.434131
0.454912
0.529065
0.536543
0.438358
0.330504
0.549143
0.346758
0.342567
0.322697
0.386961
0.539186
0.326627
0.281089
0.28051
0.306681
0.394072
0.340205
0.276004
0.266028
0.258044
0.341325
0.316171
0.288589
0.270141
0.345915
0.423469
0.289725
0.355657
0.302259
0.479888
0.355068
0.316064
0.27685
0.244308
0.292383
0.233023
0.253386
0.311218
0.398571
0.232048
0.239161
0.316185
0.343552
0.336376
0.264591
0.247646
0.238839
0.236036
0.251782
0.253198
0.415413
0.415834
0.496892
0.300363
0.482419
0.272324
0.26417
0.269252
0.27399
0.427669
0.364094
0.351914
0.319048
0.523713
0.29581
0.272835
0.339178
0.268509
0.29953
0.395281
0.377657
0.300505
0.266145
0.26927
0.283363
0.242154
0.23748
0.247217
0.217855
0.228301
0.314458
0.339442
0.24921
0.263293
0.268099
0.244052
0.256906
0.412229
0.337441
0.254793
0.256758
0.367174
0.303872
0.283379
0.301381
0.241047
0.408317
0.572247
0.418368
0.260419
0.347126
0.391808
0.351005
0.286201
0.279288
0.251326
0.264944
0.379347
0.322357
0.265419
0.29452
0.362217
0.3239
0.469718
0.303624
0.294542
0.348837
0.272038
0.305243
0.395051
0.318072
0.402731
0.320017
0.308256
0.261633
0.251812
0.259469
0.562876
0.257102
0.258448
0.290121
0.414889
0.337646
0.312982
0.293305
0.295306
0.286721
0.2684
0.272136
0.246725
0.273901
0.357204
0.46578
0.304855
0.2689
0.283725
0.241922
0.447787
0.241333
0.242203
0.420363
0.387862
0.36699
0.293698
0.300767
0.279398
0.261524
0.477228
0.316368
0.40311
0.348452
0.451402
0.518437
0.292617
0.33634
0.30356
0.276028
0.384172
0.257771
0.242054
0.311836
0.349374
0.431114
0.72469
0.379825
0.341863
0.313234
0.307474
0.344898
0.299075
0.316694
0.44202
0.40305
0.329549
0.396239
0.60091
0.296917
0.29818
0.404012
0.690381
0.456477
0.345669
0.461151
0.370965
0.290564
0.47656
0.392691
0.295269
0.266018
0.456041
0.330539
0.674111
0.7985
0.56203
0.653092
0.640906
0.567884
0.603441
0.468103
0.46028
0.45357
0.396191
0.638466
0.358112
0.35998
0.593462
0.553048
0.397434
0.339016
0.341442
0.58985
0.418185
0.333598
0.299607
0.304137
0.317714
0.415018
0.316765
0.32044
0.315123
0.524159
0.586104
0.359054
0.446302
0.58265
0.349354
0.349633
0.436511
0.34944
0.595189
0.971741
0.434684
0.650826
0.619467
0.731204
0.479926
0.639363
0.627634
0.756607
0.82372
0.808437
1.09649
0.621787
0.485087
0.565758
0.715506
0.576606
0.41336
0.815633
1.06027
0.656132
0.378084
0.48895
0.42186
0.457138
0.514012
1.10486
0.445809
0.6319
0.44893
0.497089
0.486198
0.496935
0.487081
0.732536
0.504409
0.478051
0.501544
0.477962
0.570114
0.484399
0.490206
0.525689
0.503234
0.43401
0.306622
0.462207
0.421587
0.342272
0.525077
0.531299
0.545711
0.32974
0.529788
0.613444
0.344606
0.482491
0.395283
0.306622
0.488358
0.387566
0.548751
0.568893
0.550034
0.529453
0.60864
0.696138
0.551558
0.327186
0.379554
0.578565
0.554773
0.647831
0.568676
0.681625
0.652682
1.65665
1.10725
0.628509
1.00758
0.562028
0.610739
0.760193
0.628257
0.563465
0.779147
0.541111
0.696167
0.615942
0.655979
0.984023
0.40382
0.682721
1.0244
0.63045
0.689923
0.672524
0.971441
0.671227
0.616709
0.684559
0.467474
0.556236
0.857108
0.681707
0.620437
0.776094
0.857505
1.00306
0.542608
0.703898
0.875403
0.735001
1.22784
0.537814
0.781153
0.649381
0.734009
0.588362
0.766564
0.688187
1.03086
0.687064
0.405008
0.6201
0.630138
0.616698
0.46051
0.6173
0.735209
0.626743
0.761914
0.745736
0.435482
0.74578
0.482095
0.682203
0.707104
0.649457
0.427004
0.429615
0.675776
0.361984
0.374465
0.480061
0.383822
0.440349
0.412451
0.392487
0.574599
0.368034
0.676204
0.520524
0.3145
0.339288
0.319386
0.399467
0.412477
0.316354
0.317468
0.387809
0.416074
0.498985
0.560958
0.473698
0.3321
0.355133
0.396481
0.636027
0.279811
0.282702
0.28318
0.331637
0.308572
0.477379
0.387716
0.320265
0.425343
0.3167
0.309725
0.312458
0.50027
0.492492
0.515048
0.402997
0.341066
0.341738
0.324474
0.403994
0.397228
0.51089
0.694339
0.49021
0.378843
0.422817
0.489754
0.411173
0.379358
0.384602
0.371513
0.380719
0.451974
0.533893
0.379685
0.501981
0.377798
0.34831
0.340614
0.545764
0.470747
0.493269
0.995123
0.86894
0.496003
0.436146
0.414276
0.666733
0.441469
0.422591
0.49176
0.391835
0.388242
0.406536
0.4127
0.326338
0.509682
0.34785
0.464344
0.36992
0.350025
0.566316
0.421651
0.53989
0.376547
0.490627
0.537304
0.347442
0.356704
0.373774
0.384273
0.512328
0.3882
0.397919
0.545659
0.316943
0.340758
0.364431
0.516063
0.336264
0.435702
0.456896
0.537311
0.642648
0.615248
0.365436
0.59803
0.384939
0.66214
0.538658
0.349933
0.41148
0.366415
0.343896
0.677379
0.317514
0.298205
0.296481
0.398834
0.363004
0.493961
0.486825
0.424904
0.345801
0.319858
0.302612
0.521728
0.304181
0.322518
0.27937
0.276584
0.279868
0.440774
0.33258
0.379203
0.331732
0.549764
0.340019
0.33966
0.474058
0.419636
0.735914
0.436417
0.379198
0.346674
0.357232
0.351173
0.329153
0.307338
0.311382
0.398199
0.304485
0.440591
0.407325
0.551469
0.381252
0.338551
0.347043
0.357028
0.41393
0.400753
0.456387
0.378388
0.370914
0.386864
0.337139
0.309061
0.353341
0.321273
0.30873
0.49717
0.351695
0.323311
0.38989
0.33103
0.311962
0.347129
0.569802
0.471468
0.320408
0.313571
0.318212
0.400703
0.419923
0.360298
0.325957
0.318439
0.292612
0.284114
0.276195
0.249259
0.253561
0.420201
0.326734
0.301098
0.2901
0.371883
0.442434
0.314456
0.254968
0.327148
0.254581
0.397942
0.445158
0.384618
0.372714
0.36298
0.291465
0.365386
0.270148
0.263373
0.33155
0.461584
0.378581
0.306072
0.329742
0.293933
0.478272
0.279166
0.404114
0.289968
0.275487
0.432007
0.433398
0.3576
0.308833
0.315744
0.461985
0.300985
0.344887
0.287549
0.334692
0.420332
0.370528
0.345668
0.376528
0.317262
0.24805
0.257008
0.47958
0.425863
0.261894
0.366917
0.460269
0.291583
0.28276
0.257617
0.250466
0.264508
0.246449
0.249124
0.342808
0.799651
0.424835
0.285354
0.267272
0.278004
0.241112
0.238642
0.355012
0.236061
0.38343
0.45153
0.317832
0.295153
0.30595
0.253295
0.281369
0.24009
0.269373
0.41076
0.292417
0.371032
0.542461
0.287285
0.378814
0.27951
0.266199
0.332905
0.246044
0.356354
0.725562
0.371267
0.489317
0.273991
0.397165
0.256622
0.247964
0.305845
0.256742
0.289315
0.236957
0.435078
0.449169
0.423534
0.48042
0.415594
0.307595
0.264251
0.260847
0.313701
0.290388
0.37096
0.343567
0.287988
0.255314
0.355311
0.429999
0.286372
0.28442
0.509954
0.491185
0.335285
0.360315
0.291496
0.257058
0.248
0.258516
0.273163
0.288934
0.261072
0.273352
0.432368
0.471201
0.333997
0.355827
0.280226
0.290925
0.272517
0.282853
0.41345
0.43339
0.595338
0.340555
0.304403
0.30192
0.269239
0.262819
0.308354
0.243719
0.244062
0.284722
0.448732
0.379975
0.495121
0.515019
0.420465
0.251568
0.358385
0.32529
0.357608
0.420298
0.445598
0.37516
0.459595
0.469929
0.235935
0.236137
0.229667
0.259781
0.339235
0.263009
0.356149
0.285951
0.283218
0.263859
0.309386
0.326172
0.274781
0.308573
0.308157
0.322879
0.43987
0.268491
0.255083
0.235264
0.426721
0.311379
0.348952
0.256909
0.278727
0.240246
0.435426
0.335496
0.367394
0.328717
0.395544
0.309713
0.308621
0.317861
0.348282
0.326902
0.360962
0.286587
0.292806
0.292728
0.27587
0.536329
0.317676
0.277569
0.281211
0.285293
0.357629
0.308722
0.297498
0.289543
0.275116
0.285101
0.255542
0.288318
0.272745
0.267556
0.400277
0.280266
0.342947
0.321325
0.330867
0.821318
0.291301
0.319925
0.321785
0.308409
0.407682
0.300787
0.306637
0.479656
0.340195
0.288602
0.260471
0.298742
0.260013
0.26754
0.349768
0.470438
0.282351
0.342426
0.310193
0.479564
0.417114
0.319732
0.279034
0.313473
0.327899
0.31138
0.354159
0.310588
0.387705
0.297107
0.300463
0.377154
0.390075
0.276119
0.687949
0.348309
0.371009
0.288288
0.279784
0.563568
0.271753
0.29799
0.382964
0.443866
0.327386
0.296805
0.288509
0.315684
0.245364
0.230786
0.22007
0.21652
0.557193
0.362016
0.678229
0.697763
0.286734
0.440268
0.311315
0.287311
0.393584
0.486009
0.243262
0.252322
0.341725
0.319416
0.542432
0.305413
0.286925
0.312254
0.430526
0.430919
0.52486
0.373872
0.378928
0.390209
0.360556
0.374851
0.322265
0.679133
0.367861
0.374559
0.360067
0.782203
0.382388
0.342717
0.399597
0.276229
0.388092
0.283521
0.299816
0.304137
0.470834
0.510655
0.704813
0.336834
0.299946
0.398812
0.327105
0.415667
0.293455
0.307963
0.541468
0.3242
0.83095
0.443364
0.418996
0.459166
0.641919
0.363914
0.616396
0.708389
0.43245
0.665615
0.65752
0.416264
0.466832
0.536595
0.423012
0.420487
0.421444
0.487949
0.404939
0.390767
0.753828
0.636562
0.664524
0.427046
0.736766
0.571722
0.512559
0.445101
0.510561
0.498762
0.405724
0.411012
1.23092
0.924426
0.63053
0.69894
0.92484
0.920707
0.849503
0.570067
0.755806
1.10328
0.621912
0.661254
0.722026
0.538797
0.419118
0.666068
0.604709
0.539705
0.432564
0.413544
0.385285
0.362247
0.747336
0.529618
0.496192
0.4151
0.395441
0.458672
0.38106
0.559486
0.506615
0.512992
0.442127
0.515106
0.443031
0.636522
0.793515
0.90417
0.411751
0.465217
0.346765
0.363387
0.293858
0.453957
0.532269
0.352479
0.357306
0.569281
0.377535
0.896375
0.402051
0.479562
0.454034
0.390456
0.467756
0.454952
0.502379
0.392402
0.61107
0.559677
0.618132
0.605837
0.409262
0.434112
0.43621
0.765446
0.434013
0.397537
0.607577
0.615742
0.427238
0.498863
0.610341
0.652249
0.655988
0.37439
0.665336
0.377791
0.35968
0.360601
0.331461
0.386229
0.291733
0.300262
0.386731
0.542963
0.40158
0.390328
0.354967
0.509104
0.622027
0.570844
0.285971
0.597884
0.33526
0.306657
0.327266
0.275061
0.270496
0.257811
0.26306
0.260106
0.234834
0.238072
0.308175
0.221645
0.221688
0.480812
0.37232
0.310327
0.295273
0.288479
0.24939
0.226635
0.401106
0.606619
0.289489
0.262461
0.224939
0.224382
0.242293
0.222261
0.272336
0.20654
0.337112
0.214999
0.201878
0.23011
0.209301
0.212824
0.197965
0.227903
0.223712
0.188054
0.362187
0.362238
0.407836
0.400771
0.419927
0.404466
0.468719
0.387683
0.29629
0.80583
0.380584
0.628666
0.333412
0.632385
0.749583
0.462876
0.40767
0.470057
0.560949
0.501565
0.35163
0.43476
0.352494
0.301315
0.345197
0.4769
0.326369
0.518942
0.369106
0.459949
0.437248
0.590943
0.524318
0.315913
0.290207
0.245293
0.261676
0.310957
0.235716
0.241459
0.462399
0.485953
0.340132
0.442498
0.352868
0.332326
0.319342
0.545222
0.40861
0.566572
0.458423
0.379124
0.372677
0.345447
0.365003
0.345532
0.408543
0.80219
0.504896
0.593864
0.364378
0.372242
0.341087
0.438449
0.351908
0.330825
0.523014
0.306989
0.344449
0.361066
0.365544
0.339358
0.353562
0.312186
0.349963
0.326822
0.314032
0.381196
0.315261
0.500029
0.400387
0.387994
0.367506
0.325689
0.332863
0.338841
0.365891
0.282772
0.338535
0.39731
0.795625
0.33701
0.361549
0.291421
0.315918
0.305824
0.323348
0.337168
0.33652
0.576468
0.564059
0.383339
0.350169
0.410962
0.358266
0.3878
0.495159
0.310654
0.320957
0.342684
0.499508
0.394761
0.421845
0.340256
0.328536
0.356485
0.321622
0.317578
0.347885
0.369946
0.388522
0.428719
0.37306
0.340519
0.421371
0.325537
0.401413
0.333877
0.325492
0.391721
0.433708
0.383808
0.345576
0.352963
0.33905
0.548128
0.322309
0.342594
0.338525
0.320912
1.09896
0.388479
0.390083
0.417257
0.353541
0.4894
0.372371
0.332908
0.359252
0.38613
0.571537
0.423839
0.422494
0.506407
0.493712
0.671237
0.529348
0.417636
0.60405
0.376475
0.503528
1.02585
0.928073
0.674328
0.706566
0.501034
0.57248
0.434682
0.516393
0.672325
0.478699
0.441852
0.603687
0.474795
0.902477
0.450994
0.487099
0.358769
0.441334
0.357581
0.65076
0.884394
0.665344
0.545848
0.39748
0.393382
0.377346
0.382994
0.414991
0.490405
0.43243
0.366357
0.662435
0.370006
0.496076
0.3901
0.380637
0.431612
0.388291
0.638065
0.417723
0.379477
0.40429
0.423813
0.756245
0.413998
0.468627
0.391868
0.385684
0.38175
0.535216
0.851325
0.40303
0.403843
0.424157
0.379722
0.483354
0.424088
0.435341
0.467855
0.521631
0.454834
0.457645
0.433276
0.429938
0.545737
0.410134
0.728295
0.467183
0.558876
0.588407
0.604288
0.432633
0.62744
0.418254
0.41756
0.363281
0.391648
0.433343
0.495083
0.409982
0.343251
0.456603
0.345246
0.372693
0.289303
0.361807
0.25757
0.309168
0.280103
0.353321
0.318863
0.346957
0.317114
0.307121
0.280418
0.313874
0.506394
0.362653
0.543831
0.350282
0.366349
0.348182
0.341045
0.497498
0.322322
0.312546
0.288135
0.443967
0.439922
0.390415
0.418131
0.373678
0.381565
0.422284
0.358399
0.377325
0.53262
0.506111
0.840156
0.458551
0.597072
0.580879
0.452401
0.81583
0.752521
0.462984
0.48888
0.566363
0.463883
0.42426
0.721605
0.802257
0.460797
0.554206
0.45529
0.489904
0.448606
0.587526
0.6219
0.464787
0.445441
0.472485
0.592969
0.488301
0.671913
0.555214
0.460946
0.479451
0.447073
0.451281
0.435392
0.419405
0.523687
0.46371
0.437599
0.475887
0.642061
0.460227
0.431741
0.432731
0.649285
0.391285
0.396162
0.524108
0.650439
0.577347
0.480049
0.584095
0.359786
0.402282
0.464047
0.622166
0.464296
0.666621
0.488534
0.402197
0.468811
0.468033
0.426326
0.417607
0.525696
0.410404
0.654376
0.472959
0.404316
0.600013
0.770816
0.608169
0.537456
0.683404
0.941157
0.587541
0.422755
0.452143
0.564673
0.424801
0.778078
0.458016
0.615798
0.673909
0.61485
0.631993
0.797177
0.44587
0.642426
0.594386
0.46019
0.403846
0.371094
0.421346
0.368166
0.342376
0.334911
0.344976
0.352883
0.319355
0.392249
0.524107
0.374734
0.343448
0.371773
0.388509
0.37853
0.349361
0.793435
0.337228
0.377629
1.07457
0.350142
0.37025
0.511999
0.349701
0.341407
0.312191
0.296495
0.322228
0.341436
0.327727
0.31013
0.372819
0.345836
0.311245
0.341147
0.506563
0.490425
0.34613
0.612683
0.358293
0.587284
0.321697
0.452604
0.482646
0.305653
0.269601
0.290502
0.279009
0.333216
0.258761
0.324055
0.210269
0.254814
0.166554
0.197337
0.258049
0.531556
0.20594
0.56765
0.319682
0.486187
0.2305
0.285824
0.320026
0.294201
0.245303
0.293543
0.476382
0.444434
0.530219
0.427336
0.515691
0.476444
0.475678
0.4977
0.310269
0.415548
0.455537
0.381218
0.35908
0.293331
0.225941
0.248579
0.233488
0.239962
0.258679
0.224727
0.245733
0.334301
0.498988
0.436904
0.25929
0.225538
0.354083
0.259998
0.233422
0.267913
0.271752
0.36021
0.314783
0.292489
0.343067
0.415083
0.404483
0.484896
0.69866
0.517968
0.249473
0.703579
0.414142
0.431383
0.464
0.689871
0.590929
0.513714
0.579579
0.565517
0.60038
0.449049
0.472283
0.422566
0.640464
0.364516
0.35456
0.430403
0.360848
0.352561
0.550965
0.395101
0.363418
0.439211
0.354254
0.352985
0.353359
0.321323
0.40093
0.336502
0.338647
0.416435
0.986703
0.403697
0.505607
0.424531
0.453469
0.475462
0.426559
0.370689
0.394087
0.432025
0.436586
0.456361
0.465911
0.703012
0.449378
0.419197
0.500966
0.503294
0.450574
0.484819
0.778378
0.473952
0.461812
0.713938
0.925138
0.451547
0.458134
0.592805
1.03168
0.399134
0.396275
0.404899
0.387314
0.381033
0.380633
0.407798
0.421306
0.636584
0.545926
0.419049
0.374751
0.381856
0.449909
0.37491
0.351693
0.476782
0.365585
0.408671
0.446095
0.417742
0.36135
0.41864
0.529449
0.313995
0.285719
0.466273
0.421292
0.487081
0.272981
0.435871
0.337824
0.360908
0.324281
0.286032
0.284274
0.297941
0.512192
0.284493
0.427391
0.39731
0.391639
0.367143
0.357235
0.404776
0.348238
0.316968
0.343249
0.488595
0.376727
0.61053
0.423331
0.402382
0.415603
0.419273
0.324572
0.321408
0.59776
0.423722
0.416362
0.474588
0.670782
0.423848
0.409132
0.441545
0.491718
0.657699
0.556997
0.428645
0.734752
0.478426
0.468589
0.459169
0.404505
0.361413
0.304082
0.33015
0.314385
0.354315
0.728078
0.418835
0.409689
0.322669
0.339225
0.309893
0.395741
0.398601
0.308653
0.459918
0.305092
0.337644
0.396234
0.279179
0.29879
0.288727
0.507368
0.335756
0.277793
0.29789
0.400667
0.432502
0.317309
0.572126
0.284096
0.269647
0.458031
0.262952
0.295812
0.422039
0.269131
0.322663
0.301547
0.381737
0.496872
0.310193
0.462641
0.290955
0.446086
0.345071
0.549055
0.354368
0.308096
0.382683
0.331992
0.276692
0.590124
0.414933
0.449382
0.406529
0.424281
0.373761
0.295322
0.315657
0.309884
0.25921
0.29182
0.577284
0.46767
0.440571
0.411444
0.343004
0.334415
0.354703
0.407736
0.34106
0.33117
0.352458
0.291735
0.324573
0.277604
0.321398
0.300091
0.273949
0.263646
0.265725
0.375817
0.258976
0.274293
0.282484
0.292527
0.447491
0.375721
0.515855
0.419337
0.616918
0.313163
0.402458
0.521093
0.445908
0.43863
0.500155
0.417954
0.393448
0.50409
0.362014
0.362712
0.437403
0.346389
0.543249
0.271747
0.316104
0.291092
0.281441
0.197056
0.230022
0.396412
0.209195
0.200531
0.368801
0.252368
0.368706
0.292341
1.6603
0.340902
0.367416
0.351614
0.422786
0.276082
0.203515
0.279853
0.541126
0.267722
0.349268
0.375406
0.420488
0.362825
0.33889
0.232089
0.413857
0.454487
0.341281
0.285316
0.412958
0.307634
0.309213
0.250127
0.234813
0.211551
0.244295
0.286868
0.370462
0.707678
0.404013
0.344855
0.317348
0.324562
0.527694
0.459111
0.505256
0.365485
0.500599
0.422388
0.4326
0.906361
0.688356
0.776111
0.903843
0.611494
0.772489
0.683737
0.517347
0.566748
0.533748
0.370005
0.523765
0.607722
0.506078
0.492185
0.684763
0.643644
0.3653
0.611158
0.667073
0.392068
0.374645
0.371232
0.369822
0.371758
0.385684
0.549686
0.49618
0.459733
0.582212
0.426045
0.429247
0.461889
0.509809
0.497329
0.635521
0.560954
0.404762
0.429653
0.373548
0.397455
0.411082
0.502761
0.393559
0.480782
0.461321
0.503428
0.401725
0.443514
0.37634
0.4023
0.42867
0.375378
0.348577
0.345506
0.378467
0.392805
0.427984
0.473905
0.502181
0.583696
0.500331
0.463591
0.535713
0.5368
0.768154
0.802808
0.57456
0.49654
0.496249
0.66472
0.599463
0.469387
0.494319
0.456173
0.724566
0.726277
1.53973
0.401095
0.384275
0.45557
0.389082
0.572213
0.404687
2.42705
0.429768
0.554654
1.67839
0.755366
0.601717
0.628838
2.25622
0.527629
0.390533
0.586356
0.380369
0.592598
1.22446
0.31522
1.18756
0.375725
0.326734
0.440411
0.502508
0.387
0.56747
1.95094
1.25447
0.307209
0.442517
0.390269
0.54752
0.494691
0.433297
