24.3596
5.68081
25.0795
28.8365
48.6515
21.2235
31.41
32.0568
43.4385
88.4947
93.0517
82.7821
93.101
78.1241
99.714
307.016
72.9883
83.7355
127.443
93.3695
93.4136
95.7976
97.7687
188.317
104.777
112.963
149.563
277.866
116.515
231.117
234.586
222.18
229.252
131.834
132.931
167.888
138.163
131.325
145.554
131.008
144.708
149.565
154.391
199.497
152.212
162.507
175.807
174.231
139.73
171.914
163.123
187.594
170.855
181.117
179.791
162.487
136.38
165.738
139.655
317.796
163.781
129.895
150.999
192.786
144.423
238.704
229.894
150.24
162.372
194.194
159.202
150.236
171.685
451.769
374.329
216.086
201.256
138.301
49.1912
65.9028
59.2165
101.038
135.852
100.5
74.2799
142.152
70.6044
69.8059
58.5188
69.064
67.1087
80.8252
102.769
75.8338
110.349
82.5418
147.18
162.166
92.2176
78.0136
90.097
76.9639
76.9918
70.3049
108.693
104.446
98.0208
102.617
116.149
83.2586
86.3565
72.9502
64.1621
64.3436
63.4346
61.8895
73.0309
58.3503
62.2976
73.1214
61.2989
67.9583
56.4477
54.8816
53.9435
54.9387
64.8706
67.7182
66.7848
80.7815
71.0385
76.7439
93.7318
94.6474
144.677
140.58
138.077
144.015
158.809
153.818
142.028
134.436
133.253
141.433
120.735
149.851
168.641
173.344
166.628
144.547
149.062
129.319
126.477
139.843
119.685
133.423
117.63
135.07
129.282
146.732
149.862
130.955
132.626
142.921
141.953
124.23
190.817
131.065
136.938
133.374
148.46
140.174
138.516
145.415
147.647
136.797
126.283
136.14
137.029
142.382
137.549
142.068
129.571
147.728
123.629
129.603
215.06
214.478
202.475
351.578
480.658
167.234
174.889
163.351
180.272
228.382
159.799
264.355
265.407
413.63
183.554
172.979
170.571
173.081
149.09
196.759
194.94
317.74
172.32
178.214
164.235
171.441
180.009
162.054
188.106
170.116
170.05
173.689
183.336
179.058
162.018
167.093
168.275
169.982
180.095
161.722
317.425
216.448
195.511
348.708
232.491
256.915
190.153
243.683
234.27
249.012
223.557
176.896
213.121
237.265
121.405
219.574
196.906
182.189
220.259
281.261
222.198
291.356
229.522
209.438
182.415
215.955
191.905
207.04
183.521
253.969
201.243
202.835
171.232
164.185
185.203
164.619
166.004
175.034
174.946
187.676
195.296
185.343
173.699
166.82
186.992
194.611
177.158
156.948
179.686
181.155
167.755
161.564
183.223
134.928
171.851
178.904
163.522
182.577
146.865
189.48
166.448
169.545
159.575
173.142
171.781
167.931
168.097
173.343
195.099
171.598
179.274
177.499
186.105
192.907
163.11
189.979
