1403637130538319104.000000 0.000000000 0.000000000 0.000000000 -0.000000000 -0.000000000 -0.000000000 1.000000000
1403637133238319104.000000 0.000553592 -0.001912030 -0.001885648 0.001903616 0.001837119 -0.001526576 0.999995351
1403637133288319232.000000 0.000912814 -0.002741185 -0.002498345 0.001487641 0.003389690 -0.003953579 0.999985337
1403637133388318976.000000 0.001684996 -0.007533242 -0.004748869 -0.001518735 0.008565233 -0.005091233 0.999949217
1403637133538319104.000000 0.002690280 -0.013880332 -0.007518073 -0.014009534 0.012575864 -0.001974371 0.999820828
1403637133588318976.000000 0.003515294 -0.015103240 -0.008016709 -0.018585054 0.014622937 -0.000001014 0.999720395
1403637133638319360.000000 0.004792126 -0.017084872 -0.008694837 -0.021666646 0.017161975 0.000663254 0.999617755
1403637133738319104.000000 0.007371306 -0.025267236 -0.012162029 -0.023799492 0.022268182 -0.001476719 0.999467671
1403637133988319232.000000 0.008559210 -0.088500515 -0.030042047 -0.032091960 0.042999938 0.001478523 0.998558462
1403637134088318976.000000 0.006762790 -0.126911864 -0.039931554 -0.031221040 0.050554272 -0.003200332 0.998228073
1403637134188318976.000000 0.004777180 -0.165012166 -0.048916355 -0.027700914 0.061951477 -0.011382766 0.997629762
1403637134538319104.000000 0.000721552 -0.238265038 -0.064802825 0.014854749 0.074502788 -0.006184947 0.997090995
1403637135088318976.000000 0.019685213 -0.050729562 -0.016739678 -0.072608426 0.061580926 0.009432755 0.995412886
1403637135238319104.000000 0.021124436 -0.035256263 -0.016585847 -0.087719277 0.061486676 0.005295927 0.994231701
1403637135388318976.000000 0.020656556 -0.071035959 -0.025834512 -0.092371598 0.065930679 0.002609638 0.993536055
1403637136588318976.000000 0.020832051 -0.054136652 -0.011195804 -0.107985921 0.074222274 0.011404175 0.991312325
1403637137038319104.000000 0.016473910 -0.230670124 -0.055014305 -0.053794403 0.088788971 0.000814395 0.994596422
1403637137688318976.000000 0.022332817 -0.149824277 -0.026312472 -0.055255804 0.094184719 -0.006342731 0.993999898
1403637138038319104.000000 0.023532040 -0.051467728 -0.015992394 -0.119686358 0.079482906 0.001192032 0.989624262
1403637138238319104.000000 0.025716029 -0.129270896 -0.033256400 -0.101885363 0.077033825 -0.011920374 0.991737425
1403637138738319104.000000 0.021734113 -0.276019871 -0.061174057 0.002442047 0.101116590 -0.014323018 0.994768500
1403637148838319360.000000 0.031488638 -0.006306264 0.023355216 -0.003986541 0.059772346 0.017648686 0.998048067
1403637149538319104.000000 0.031576142 -0.006051136 0.022240169 -0.006870572 0.053943571 0.015279798 0.998403430
1403637149738319104.000000 0.032135662 -0.004681754 0.020194111 -0.018933669 0.040433578 0.006244766 0.998983324
1403637149938319104.000000 0.037172910 -0.004608139 0.017878754 -0.045798015 0.036700565 0.004963863 0.998263955
1403637150138319360.000000 0.053815700 -0.015070951 0.014925569 -0.080711201 0.048044138 -0.018046120 0.995415390
1403637150538319104.000000 0.095223144 -0.093874291 0.045139056 -0.050006777 0.066532552 -0.017363895 0.996379077
1403637151038319104.000000 0.144384280 -0.184873194 0.113123894 -0.028853601 0.074269496 -0.020118549 0.996617675
1403637152088318976.000000 0.225457147 -0.349432051 0.192099988 -0.043118946 0.063027427 -0.018223643 0.996913314
1403637152338319360.000000 0.247855291 -0.384436250 0.209622502 -0.047607936 0.061518434 -0.013499780 0.996878505
1403637152588318976.000000 0.275709838 -0.397832215 0.237020507 -0.048264362 0.061637305 -0.015692063 0.996807516
1403637152888318976.000000 0.312330842 -0.407705188 0.277526140 -0.037151549 0.059711240 -0.012113797 0.997450590
1403637153388318976.000000 0.382725745 -0.446736813 0.330400467 -0.040038139 0.062817462 -0.021431079 0.996991336
1403637153938319104.000000 0.447079599 -0.508255720 0.384101003 -0.037891455 0.063754253 -0.022379426 0.996994853
1403637154238319104.000000 0.475749552 -0.515253246 0.418932408 -0.054213218 0.056882814 0.001653807 0.996906519
1403637154538319104.000000 0.522759199 -0.502022266 0.469080240 -0.047613878 0.060959686 -0.004194594 0.996995151
1403637155088318976.000000 0.634927809 -0.511118531 0.590249836 -0.063436605 0.112275511 -0.006948739 0.991625786
1403637155388318976.000000 0.686397910 -0.566336155 0.672827840 -0.037658695 0.140878677 0.004559434 0.989299893
1403637155688318976.000000 0.738709509 -0.601964831 0.757616580 -0.028626375 0.175675154 0.030170934 0.983569324
1403637156388318976.000000 0.926272094 -0.587719142 0.913125038 -0.016789839 0.321312934 0.099456064 0.941586256
1403637156988319232.000000 1.177775860 -0.518526435 0.946673036 -0.030092767 0.446042806 0.119977638 0.886422932
1403637157238319104.000000 1.289840817 -0.466891199 0.954384089 -0.034023080 0.448855579 0.128984183 0.883591652
1403637159388318976.000000 2.564852476 -0.370746821 0.422654033 -0.008034078 0.537527502 0.168957829 0.826107085
1403637159838319360.000000 2.855384350 -0.294947892 0.211881042 -0.025377475 0.537042379 0.147035345 0.830254197
1403637160038319104.000000 2.989929914 -0.274291128 0.112672210 -0.024626760 0.557873130 0.154199064 0.815103531
1403637160188318976.000000 3.093861580 -0.254960477 0.040045500 -0.011434118 0.584105849 0.163452685 0.794967234
1403637160488319232.000000 3.293051004 -0.187499821 -0.096306562 -0.008559231 0.654735506 0.182403386 0.733469248
1403637160638319360.000000 3.388036489 -0.146635532 -0.172781467 -0.015692765 0.690403163 0.191442907 0.697457492
1403637160888318976.000000 3.547845125 -0.093742132 -0.276675940 -0.026083615 0.721093833 0.208053291 0.660346270
1403637161188318976.000000 3.737790585 -0.076156855 -0.410727024 -0.006311588 0.722050011 0.232092306 0.651718616
1403637161388318976.000000 3.868098259 -0.091871500 -0.518063545 0.018479291 0.717847526 0.239393264 0.653486252
1403637161488319232.000000 3.933016539 -0.101865530 -0.573074102 0.012456001 0.722490609 0.234202966 0.650385499
1403637161588318976.000000 3.996114731 -0.111263514 -0.638382196 0.007941429 0.729453206 0.233990207 0.642715871
1403637161888318976.000000 4.187841415 -0.128045201 -0.837929249 0.019624118 0.760318160 0.202960551 0.616715670
1403637162188318976.000000 4.335144520 -0.104661584 -1.037404537 0.042825505 0.773921847 0.182891324 0.604782283
1403637162688318976.000000 4.447996140 -0.014496446 -1.340340137 0.031629298 0.763831615 0.213839129 0.608139515
1403637162988319232.000000 4.457076073 0.040181994 -1.558134556 0.048448972 0.799125433 0.198144495 0.565499842
1403637163138319360.000000 4.439998627 0.085736752 -1.664366245 0.040413145 0.827194691 0.199915528 0.523592889
1403637163288319232.000000 4.408084869 0.134250998 -1.764816284 0.036184467 0.855521381 0.203766719 0.474608243
1403637163438319104.000000 4.367816925 0.183653593 -1.853437901 0.042248547 0.876017392 0.216695681 0.428779215
1403637163588318976.000000 4.313196182 0.229770541 -1.930704594 0.049211685 0.884848118 0.242039979 0.395017356
1403637163738319104.000000 4.246047497 0.265524030 -2.010769367 0.051453240 0.884108305 0.272141993 0.376355946
1403637163888318976.000000 4.167365551 0.289079905 -2.096832275 0.059956193 0.882243931 0.287200123 0.368194371
1403637164038319104.000000 4.079362869 0.306411624 -2.191237450 0.067970052 0.883363843 0.285453737 0.365465015
1403637164238319104.000000 3.941681862 0.319196105 -2.341541767 0.062693313 0.886271477 0.273088247 0.368802488
1403637164438319104.000000 3.783809662 0.332467437 -2.498991489 0.042043060 0.886162341 0.267744660 0.375847846
1403637164588318976.000000 3.664416313 0.352933168 -2.613868713 0.050878074 0.880329967 0.275816649 0.382564694
1403637164738319104.000000 3.538567305 0.384848118 -2.730080605 0.046098188 0.878970504 0.274162352 0.387454301
1403637164888318976.000000 3.410179615 0.423339367 -2.848399162 0.030079667 0.887683094 0.257321060 0.380657256
1403637165088318976.000000 3.228138685 0.487425804 -3.018268108 0.025741791 0.899117410 0.252240002 0.356791586
1403637165188318976.000000 3.140658855 0.517542362 -3.093382359 0.026112871 0.908414423 0.247733906 0.335751921
1403637165288319232.000000 3.050475359 0.549333692 -3.172132492 0.023451485 0.915689051 0.251157343 0.312863588
1403637165388318976.000000 2.955357075 0.579802394 -3.245341778 0.019194890 0.919402778 0.263442963 0.291423947
1403637165988319232.000000 2.444625854 0.687027216 -3.658315659 -0.043206654 0.929847062 0.269423068 0.246837661
1403637166338319360.000000 2.251979351 0.794924021 -3.827531338 -0.045951247 0.928269506 0.244525105 0.276426733
1403637166438319104.000000 2.212389946 0.821093082 -3.864675045 -0.027622558 0.932524979 0.216358587 0.287790000
1403637166638319360.000000 2.139777422 0.859888911 -3.910971165 -0.026121549 0.926856577 0.218603864 0.304083854
1403637166938319104.000000 2.056067467 0.906390786 -3.927039623 -0.076270930 0.915434480 0.239149347 0.314595044
1403637167088318976.000000 2.044594288 0.920280278 -3.914882183 -0.095784724 0.918914199 0.213773906 0.317368448
1403637167238319104.000000 2.049693108 0.916756928 -3.881630659 -0.105562970 0.922058880 0.192043126 0.319034904
1403637167838319360.000000 2.268990040 0.822460175 -3.521467686 -0.010343815 0.900401533 0.272327125 0.339128345
1403637168088318976.000000 2.388547421 0.791930795 -3.350087643 -0.028564721 0.890112162 0.273106337 0.363727003
1403637168288319232.000000 2.499584675 0.778653622 -3.218662500 -0.019118471 0.887107015 0.269297570 0.374372125
1403637169238319104.000000 3.057397366 0.805893540 -2.559352875 -0.033725154 0.889183760 0.241637215 0.387074232
1403637169488319232.000000 3.221036911 0.761709392 -2.371388197 -0.027592283 0.868695259 0.223102510 0.441398382
1403637169788319232.000000 3.420063257 0.681327939 -2.117593288 -0.031369481 0.825390577 0.186550274 0.531926215
1403637170088318976.000000 3.603315830 0.614633620 -1.825859070 -0.040324174 0.779443622 0.157443270 0.605023324
1403637170338319360.000000 3.738829136 0.571153164 -1.526672840 -0.037980095 0.740800440 0.134037882 0.657119632
1403637171238319104.000000 3.891995430 0.449409306 -0.428266406 0.019319361 0.505318701 0.094865471 0.857484877
1403637171588318976.000000 3.798675537 0.360809207 -0.114161730 0.012605926 0.481250525 0.063057981 0.874221206
1403637171838319360.000000 3.682664156 0.307572454 0.088612676 0.009595273 0.489760727 0.051354825 0.870290220
1403637172238319104.000000 3.394903183 0.258431137 0.395681977 0.012755361 0.497963518 0.074091770 0.863932908
1403637172438319104.000000 3.215989351 0.236259863 0.533515811 0.011777722 0.489053696 0.121757135 0.863633573
1403637172888318976.000000 2.811356544 0.143248945 0.732137442 -0.005931760 0.493267059 0.174608752 0.852152705
1403637173138319360.000000 2.626025438 0.126430273 0.797402740 -0.045211673 0.511137664 0.213685468 0.831283808
1403637173388318976.000000 2.507794142 0.144507051 0.845408916 -0.028135350 0.559545457 0.227120072 0.796576262
1403637173638319360.000000 2.440965414 0.176115751 0.866997957 -0.004085657 0.607696474 0.244071364 0.755723119
1403637173888318976.000000 2.416291475 0.234841585 0.851096153 -0.001987095 0.636317730 0.288722396 0.715356767
1403637174138319360.000000 2.446659088 0.281430662 0.772423267 -0.020200189 0.677796483 0.237210751 0.695639968
1403637174538319104.000000 2.536073208 0.272118390 0.574363470 0.043113794 0.689662099 0.215822533 0.689875364
1403637174838319360.000000 2.578296900 0.270660728 0.376796722 0.036093384 0.737556159 0.203562155 0.642861307
1403637175188318976.000000 2.587553024 0.307602882 0.122748375 0.040107738 0.785660744 0.225347042 0.574758530
1403637175488319232.000000 2.558987617 0.367082953 -0.101422548 0.065216556 0.803729653 0.212350637 0.551971674
1403637175788319232.000000 2.466689348 0.445760369 -0.335372686 0.051882751 0.792853355 0.246626765 0.554857671
1403637176138319360.000000 2.311755657 0.497855633 -0.658472776 0.041353557 0.800311267 0.209549710 0.560250640
1403637176488319232.000000 2.103312492 0.557617128 -0.965680838 0.036520205 0.807243466 0.203362897 0.552872300
1403637176838319360.000000 1.847532988 0.645109475 -1.267687440 0.023956766 0.819355011 0.236703232 0.521588981
1403637177188318976.000000 1.589020848 0.763600707 -1.548577428 -0.011933269 0.811097324 0.288224012 0.508827746
1403637177538319104.000000 1.385658622 0.928016901 -1.855334759 -0.042861514 0.810626864 0.296216220 0.503292084
1403637177938319104.000000 1.300120592 1.075881481 -2.235472679 -0.053251788 0.835821807 0.265642077 0.477493972
1403637178238319104.000000 1.319499373 1.185159445 -2.488588333 -0.083566613 0.868829072 0.248672605 0.419898272
1403637179188318976.000000 1.834380388 1.283841848 -2.845234632 -0.006214091 0.886672318 0.230769530 0.400648236
1403637179988319232.000000 2.349891424 1.290078044 -2.777727604 -0.048762035 0.892102599 0.210483715 0.396827340
1403637180288319232.000000 2.562610865 1.338501453 -2.654005289 -0.013680253 0.884115815 0.237287998 0.402301520
1403637180588318976.000000 2.764468670 1.343953133 -2.511366367 -0.019797361 0.871833384 0.275664151 0.404380918
1403637180888318976.000000 2.988978148 1.293906212 -2.384034157 -0.036089767 0.886390209 0.236406326 0.396386117
1403637182338319360.000000 4.103855133 0.590108812 -1.456771851 0.031963803 0.896606565 0.228612572 0.377903789
1403637183338319360.000000 4.381075859 0.177583218 -0.571854591 0.078719817 0.890435696 0.230726749 0.384307981
1403637183738319104.000000 4.263909817 0.141349792 -0.197371006 0.092925966 0.886456430 0.241054699 0.383995473
1403637184188318976.000000 3.944007158 0.102279842 0.148637772 0.100626737 0.874984384 0.279529989 0.382282197
1403637184638319360.000000 3.470726490 0.129898250 0.373621702 0.020905981 0.878196597 0.289493233 0.380167693
1403637185038319104.000000 3.068389893 0.172155142 0.488438606 0.002989934 0.869872153 0.312041372 0.382025748
1403637185588318976.000000 2.630624771 0.140432894 0.457339287 -0.021921592 0.868866324 0.318817586 0.378082097
1403637186438319104.000000 2.237361431 0.054765284 0.181582212 0.002832523 0.889572680 0.259729415 0.375756651
1403637187188318976.000000 1.942333460 -0.027045310 -0.066833973 0.051148850 0.881860614 0.284309238 0.372657925
1403637187838319360.000000 1.651187778 0.090392709 -0.368709803 0.005612020 0.884397864 0.313249052 0.345953822
1403637188588318976.000000 1.475098252 0.316575557 -0.855820179 0.004022474 0.904566228 0.264006913 0.334729940
1403637189188318976.000000 1.353735685 0.552303791 -1.226549864 0.019096108 0.914981306 0.301433265 0.267549187
1403637189738319104.000000 1.221850038 0.772494197 -1.593509674 0.020314742 0.923366785 0.275677234 0.266426861
1403637190238319104.000000 1.072875500 0.862121284 -1.942259550 0.016956307 0.926118135 0.265946895 0.267001659
1403637190688318976.000000 0.937731147 0.864596546 -2.217803717 0.006688540 0.927932262 0.260495692 0.266531348
1403637191188318976.000000 0.787663102 0.916682482 -2.449810266 0.020912632 0.915095627 0.256253302 0.310639471
1403637191638319360.000000 0.637018442 0.992403746 -2.603776932 0.003110789 0.916221023 0.253071666 0.310619026
1403637192038319104.000000 0.518415928 0.983705342 -2.709647179 -0.032359805 0.914470017 0.267721981 0.301699191
1403637192388318976.000000 0.473062992 0.916311502 -2.795156002 -0.048863035 0.912207782 0.277169496 0.297769099
1403637193188318976.000000 0.621199369 0.798366725 -2.983976841 0.014865160 0.901734352 0.307962596 0.303007036
1403637193588318976.000000 0.746145248 0.771400869 -3.128596067 -0.009957811 0.909068704 0.287870437 0.301040918
1403637194038319104.000000 0.917177439 0.732152998 -3.323714733 -0.016455652 0.913095474 0.273617387 0.301859975
1403637194488319232.000000 1.139676094 0.751001358 -3.477289438 -0.013561997 0.912150800 0.278840184 0.300075412
1403637194938319104.000000 1.392096639 0.721617341 -3.630089760 -0.013906475 0.909048259 0.291826278 0.297111630
1403637195388318976.000000 1.681075454 0.732293129 -3.768754005 -0.002483037 0.919424474 0.259626359 0.295375466
1403637197188318976.000000 2.933341503 0.617916584 -3.379586220 -0.002650787 0.916725636 0.213586375 0.337621123
1403637197688318976.000000 3.252087593 0.447232604 -2.860314608 -0.019189287 0.836805463 0.216926858 0.502325714
1403637198388318976.000000 3.600042820 0.029556453 -2.070864677 -0.041503072 0.704281151 0.129938602 0.696693301
1403637198988319232.000000 3.760527849 -0.269927353 -1.229846239 -0.007769801 0.682121515 0.095940746 0.724876046
1403637202638319360.000000 2.019452095 -0.471238464 1.189046621 -0.036712948 0.398074716 0.119762808 0.908760428
1403637204438319104.000000 2.206463099 -0.295115650 0.702409923 -0.026199551 0.418040425 0.082531720 0.904292166
1403637205038319104.000000 2.168221235 -0.312982857 0.611784756 -0.036022708 0.425510287 0.092278458 0.899515450
1403637207388318976.000000 1.902342558 -0.310407013 0.550460041 -0.017502107 0.401331425 0.085204646 0.911793292
1403637208788319232.000000 1.724609733 -0.337785631 0.406676888 -0.022449743 0.411075532 0.088227496 0.907043993
1403637209588318976.000000 1.609751225 -0.286028296 0.369219363 -0.070937172 0.360866904 0.078646518 0.926583946
1403637210188318976.000000 1.583318830 -0.340265632 0.475865781 -0.129075706 0.344375581 0.098537147 0.924681246
1403637210738319104.000000 1.760907888 -0.358517230 0.850783527 -0.102789901 0.343666077 0.092606597 0.928844392
1403637211388318976.000000 2.160621643 -0.384089023 1.483603001 -0.030215625 0.352457702 0.085844457 0.931392133
1403637211938319104.000000 2.545998573 -0.398151308 1.973031759 -0.050640918 0.347260654 0.112613551 0.929604053
1403637212338319360.000000 2.860199451 -0.489523709 2.286600828 -0.017084911 0.360202402 0.079849489 0.929293513
1403637212888318976.000000 3.247383118 -0.668226242 2.634522915 -0.046072431 0.366377890 0.080700360 0.925814271
1403637213238319104.000000 3.473512650 -0.798017144 2.849345684 -0.047289565 0.361660361 0.082080849 0.927484930
1403637213638319360.000000 3.752701521 -0.894677997 3.113126040 -0.040902019 0.365546525 0.063669913 0.927711666
1403637214088318976.000000 4.020877838 -0.954819560 3.433333874 -0.041380737 0.362537891 0.046188720 0.929903507
1403637214538319104.000000 4.205757618 -1.072343111 3.769504547 -0.017131230 0.288273185 0.002823126 0.957390785
1403637214988319232.000000 4.241298199 -1.232929349 4.050842762 -0.009951938 0.240220979 -0.050368015 0.969359577
1403637215388318976.000000 4.106084824 -1.325711250 4.277621269 0.012549900 0.223687977 -0.036823705 0.973884106
1403637215988319232.000000 3.681668282 -1.407402635 4.435850143 -0.008569578 0.078511506 -0.040292695 0.996061742
1403637216438319104.000000 3.316175699 -1.461572409 4.411019325 -0.002929609 0.011723653 -0.033333566 0.999371231
1403637217188318976.000000 2.799983263 -1.425751686 4.169238091 0.014898571 0.015672462 -0.003028793 0.999761581
1403637217688318976.000000 2.577339411 -1.305842280 3.823061228 0.018447589 0.009226901 -0.003186999 0.999782205
1403637218088318976.000000 2.469614744 -1.179880023 3.437712193 0.011452178 -0.062827170 -0.067920789 0.995644689
1403637218488319232.000000 2.360113621 -1.042189717 2.988656282 0.004292093 -0.086628869 -0.075602062 0.993358612
1403637218988319232.000000 2.255101681 -0.827843368 2.359816551 -0.011191320 -0.074472390 -0.092225283 0.992886245
1403637219488319232.000000 2.076920271 -0.552032769 1.713987350 -0.027713643 -0.070367187 -0.087915838 0.993252873
1403637220038319104.000000 1.814321637 -0.371097296 0.991306961 -0.067724034 -0.068295322 -0.078813002 0.992238760
1403637220588318976.000000 1.498155951 -0.334288925 0.404691964 -0.054358091 -0.074617922 -0.045818027 0.994674861
1403637221238319104.000000 1.218901515 -0.252562791 -0.135462299 -0.069700740 -0.043568812 -0.044648796 0.995615423
1403637221888318976.000000 1.029799461 -0.098310120 -0.472376943 -0.074867062 0.012623377 -0.021443479 0.996883035
1403637222588318976.000000 0.937960088 0.098122433 -0.622444987 -0.039630972 0.125593409 0.010920461 0.991229773
1403637223288319232.000000 0.902669072 0.125042364 -0.713219702 -0.064670108 0.126032591 0.008217764 0.989881814
1403637226438319104.000000 0.731486678 0.046083312 -0.750465155 -0.042920064 0.117909163 -0.015096562 0.991981566
1403637227288319232.000000 0.558936894 0.064345114 -0.741783381 -0.044890817 0.111368805 0.018852703 0.992585719
1403637227988319232.000000 0.513307095 0.060899541 -0.679224849 -0.035298023 0.121902622 0.005014483 0.991901577
1403637229338319360.000000 0.428458989 0.077542171 -0.692057073 -0.028062364 0.128275245 -0.016063889 0.991211355
1403637230138319360.000000 0.405636191 0.189113051 -0.717520475 -0.042919945 0.327011347 0.067240797 0.941647589
1403637231638319360.000000 0.519251645 0.239643648 -0.742383778 -0.011022344 0.662603796 0.228766471 0.713092268
1403637232388318976.000000 0.758756697 0.453739971 -0.913973033 0.031859756 0.824723840 0.249122038 0.506708860
1403637234138319360.000000 1.256928802 0.853067756 -2.362324476 -0.125523865 0.899621427 0.199224353 0.367742747
1403637234738319104.000000 1.920829415 1.042666554 -2.478436708 -0.037972301 0.890253544 0.192087889 0.411228567
1403637235538319104.000000 2.753278255 1.138176918 -2.173062801 -0.024617881 0.804286778 0.220493972 0.551270485
1403637236138319360.000000 3.272550583 1.001103759 -1.829030037 -0.060193289 0.758522451 0.133484036 0.634982228
1403637238788319232.000000 2.675964832 -0.540035963 0.469993353 0.072561473 0.695872605 0.340354174 0.628215849
1403637239438319104.000000 2.229568720 -0.509045839 -0.073653460 -0.001264286 0.757109046 0.332533717 0.562321663
1403637240538319104.000000 2.019000292 0.181397915 -1.556491613 -0.009008717 0.907192409 0.308115363 0.286331445
1403637241188318976.000000 1.996452570 0.532332897 -2.415576935 -0.014571348 0.918917418 0.269166827 0.287971735
1403637241838319360.000000 2.121458769 0.837600350 -3.093188763 -0.040399663 0.927352786 0.217494518 0.301795900
1403637242438319104.000000 2.326416016 0.911700547 -3.420859814 -0.042100210 0.933084488 0.199253976 0.296443611
1403637243038319104.000000 2.569271326 0.856144667 -3.362083673 -0.013990261 0.914778173 0.183435813 0.359633803
1403637243588318976.000000 2.761468172 0.748226166 -3.024521828 -0.013811579 0.900370300 0.223689631 0.372968584
1403637244138319360.000000 2.927823782 0.545530438 -2.611186504 0.016464647 0.888679147 0.275039017 0.366513073
1403637244988319232.000000 3.128167152 0.117399454 -2.185181379 -0.026703507 0.863718152 0.274653792 0.421714574
1403637245688318976.000000 3.422443390 -0.055272341 -1.952824593 -0.033715468 0.846772254 0.274146646 0.454624683
1403637246488319232.000000 3.892104149 -0.073074579 -1.699609756 -0.025415733 0.687911630 0.152404413 0.709157586
1403637247088318976.000000 4.094240665 -0.053258047 -1.391063452 -0.035683770 0.520998538 0.085162923 0.848548532
1403637247588318976.000000 4.141762733 -0.054804966 -1.086709976 -0.003634079 0.499389380 0.077838302 0.862866282
1403637248088318976.000000 4.040664196 -0.045455091 -0.762769282 -0.007765963 0.442667097 0.052750539 0.895099401
1403637248588318976.000000 3.812783480 -0.060337000 -0.462562531 -0.017750531 0.397028595 0.058248717 0.915784001
1403637249688318976.000000 3.118601084 -0.217244923 0.184073150 -0.028911242 0.415612578 0.072522752 0.906184733
1403637250188318976.000000 2.746439934 -0.242168367 0.483779669 -0.021371104 0.369656146 0.076652370 0.925754845
1403637251188318976.000000 2.117285252 -0.346807241 0.902081609 -0.030155288 0.303179741 0.100375980 0.947152257
1403637252038319104.000000 1.881231785 -0.543010712 1.039363980 -0.013675443 0.243035510 0.033627082 0.969337940
1403637255538319104.000000 1.307590127 -0.479741782 0.636433184 -0.024607100 0.154420704 0.004066819 0.987690389
1403637256388318976.000000 1.051952243 -0.453714848 0.423211575 -0.030184662 0.045069274 -0.042008776 0.997643709
1403637257338319360.000000 0.735554159 -0.354719579 0.204983383 -0.039748572 0.019134736 -0.040478814 0.998206079
1403637258188318976.000000 0.445568264 -0.288940370 0.050011717 -0.060984034 -0.051914960 -0.056688350 0.995174468
1403637258888318976.000000 0.207761958 -0.217110172 0.037401274 -0.039193656 -0.105376147 -0.060488775 0.991816998
1403637259538319104.000000 0.062245168 -0.225147858 0.019188326 -0.036821365 -0.104177535 -0.038580596 0.993127823
1403637260088318976.000000 0.031624321 -0.210231692 0.003110480 -0.035463151 -0.099251807 -0.049017560 0.993221402
1403637260488319232.000000 0.044628702 -0.161567628 -0.004602479 -0.037542164 -0.090713039 -0.083201624 0.991685092
1403637260938319104.000000 0.031960931 -0.095803045 -0.009050921 -0.039491985 -0.095614761 -0.074287973 0.991856635
1403637261388318976.000000 -0.001133111 -0.037406120 -0.010759156 -0.054102048 -0.095380783 -0.074340321 0.991185665
1403637261788319232.000000 -0.039856192 -0.030075936 -0.004082181 -0.061178893 -0.095153444 -0.071696244 0.990990758
1403637262138319360.000000 -0.074452534 -0.029986989 0.020078292 -0.034616839 -0.095560610 -0.061542004 0.992916107
1403637262488319232.000000 -0.078458913 -0.009013208 0.028534191 -0.027468096 -0.068599232 -0.035388093 0.996638000
