20.2439
2.18066
4.19835
2.83627
0.991289
0.718684
4.40825
2.49015
0.683623
8.23602
0.774939
0.78231
3.20614
4.10191
3.1122
0.433978
0.411611
2.46417
0.40999
0.710686
0.411213
1.81211
0.546912
0.399748
2.75903
0.812974
0.45764
0.413996
0.669679
1.71359
0.405205
1.72707
0.672176
0.396905
0.742479
0.750775
0.47703
0.441456
3.13966
2.94469
0.718682
0.688246
0.911119
3.27103
0.798729
0.488202
1.37825
2.30105
5.08327
3.15476
2.83636
1.04161
0.746102
0.696064
3.90576
0.866678
0.921992
3.86212
0.934384
0.87373
0.884148
0.998405
2.93647
1.5636
0.579095
1.01761
2.80954
0.937155
0.893504
1.13795
4.63978
0.933603
0.531459
0.576219
1.00874
0.656361
1.01495
3.85712
0.860971
0.593151
3.41525
0.726406
0.555756
3.52075
0.811944
0.756155
0.811727
0.984249
2.74935
1.20367
0.94103
0.946317
2.3685
0.552142
1.05119
6.77864
0.475909
0.477092
0.855636
1.25903
0.686681
0.564912
0.785323
1.32228
1.17205
1.66999
1.05548
0.953791
3.60574
3.02371
0.951919
0.8141
0.758427
0.830115
0.727429
0.791086
1.27757
1.00764
1.18755
1.0113
3.45921
0.87594
4.55149
4.02948
1.05086
0.88946
0.574741
0.800729
0.760243
0.813176
0.797961
0.964369
0.736214
1.16336
0.657354
0.921283
2.35848
2.18575
0.854523
0.932937
0.9657
0.644373
0.945237
1.21832
0.935501
0.631972
0.812953
0.957303
0.735161
0.924412
0.668066
0.627879
1.43976
1.07057
0.628345
0.763273
4.80471
0.602039
3.77231
0.634901
0.902595
0.644799
0.526751
1.07658
0.762287
0.699345
0.501415
0.556991
0.988052
0.844683
0.698203
0.88251
4.39586
0.782127
0.807181
0.790552
2.76411
0.886059
0.799783
3.14549
1.11209
1.6219
1.44719
0.837326
0.688554
0.788575
0.715536
0.405143
0.462581
0.399103
0.38469
0.547411
0.886156
0.71001
3.95429
0.624724
0.6396
2.90901
0.697082
0.791799
0.852463
0.731233
0.666891
0.786663
0.445816
0.98763
0.445308
0.482112
0.549318
0.558175
0.819731
3.07299
0.448099
0.50844
1.93307
0.535162
0.479642
0.447683
0.45817
0.774539
0.699015
0.769815
0.467182
0.470417
0.596439
0.678715
0.431516
1.00337
0.441642
0.558613
0.433332
0.539924
2.6014
0.514341
0.430025
1.93081
0.483998
0.461189
0.496984
0.7104
0.574555
0.531551
0.595086
1.14475
0.76811
1.60837
0.69328
0.488925
0.860737
0.511158
0.559929
0.477293
0.466197
0.723572
1.1292
0.959123
4.81887
0.707757
0.522236
0.644423
0.755644
2.83211
0.491993
0.442018
0.448264
0.666149
0.632382
0.519036
1.52969
1.43299
0.857987
0.873567
1.70661
0.913905
1.45893
2.71032
2.82517
1.25607
1.60811
0.975665
1.36312
0.734583
1.03576
0.689964
1.15521
0.780256
0.969953
0.617598
0.705286
0.493337
0.744284
0.499975
0.565088
0.554317
0.660185
0.757808
1.20023
2.82563
0.516665
1.74789
0.463721
0.636478
0.42117
0.401474
0.538983
0.459443
0.467626
0.399546
0.402861
0.635547
0.576755
0.593311
0.81833
0.461823
0.830721
1.00509
0.537608
0.476287
0.487305
0.539976
0.446572
0.87682
0.523864
0.641652
0.832504
0.877291
0.824371
0.847082
2.26224
0.453153
0.90814
0.874209
1.72754
0.715507
0.689292
2.91759
0.693354
0.650056
0.640922
0.925386
0.464941
0.743452
0.781479
0.767834
0.722675
0.764573
0.667776
0.751633
2.96135
3.18624
0.721805
2.00887
0.790432
0.74936
0.725202
0.723851
0.693497
0.714011
0.698996
0.769811
1.5019
0.77956
0.955762
0.878141
1.18096
0.74282
0.802199
0.764245
0.987585
0.783855
0.783839
0.742544
1.25642
0.820609
0.832387
0.746358
0.871212
0.710939
0.768452
0.94647
0.638566
0.671764
1.3001
6.90599
2.8222
0.679432
0.843328
0.809057
0.712281
0.530872
0.829434
0.655476
0.674143
0.500264
0.759697
0.682668
0.550493
0.474235
0.75695
0.68383
0.67365
2.04728
0.63166
0.461187
0.491985
2.54921
0.67512
0.538662
0.908878
0.699387
0.785502
0.577004
0.416311
1.02302
0.777193
0.827998
0.868883
0.681877
0.905966
0.858231
0.454508
0.580008
2.05502
5.53303
0.952864
0.894903
4.51467
0.723953
0.826009
1.20531
0.664894
0.732149
0.553781
0.702859
0.817157
1.39108
1.14117
0.944467
1.85134
0.767477
1.10723
0.84747
0.778789
0.857487
1.65783
0.98626
0.843246
0.757495
1.81802
0.651419
0.716819
0.764425
0.709227
0.680851
0.710472
0.678336
5.47718
2.914
0.707286
0.902942
0.849348
0.667759
0.723411
0.851
0.546552
1.3909
0.781018
0.757639
0.470961
0.491563
0.847467
0.859319
0.707693
0.467057
0.66869
0.408726
0.871241
0.865644
0.628115
0.655949
0.664141
0.497807
1.84086
10.4361
0.826657
0.805236
0.607553
0.686087
0.631639
0.656029
0.822169
0.662556
0.697036
0.697642
1.09514
0.998255
1.11021
0.829536
0.759356
0.877909
0.577346
0.7504
0.849831
0.741992
0.72477
0.732128
0.740518
6.21057
0.788518
2.06114
0.857182
0.723691
0.849875
0.773741
0.831337
0.693659
0.955285
0.620632
0.682803
2.70222
0.657941
0.781675
4.49974
0.466181
0.786465
0.66921
0.59433
0.5276
2.48111
1.01824
0.677005
0.480823
0.773848
0.754536
0.822668
0.517139
2.16671
0.718025
3.45123
0.777329
0.708508
0.57615
0.579142
0.406983
0.789969
0.75241
0.66185
0.698017
0.708702
0.620224
0.432993
0.782853
0.62191
0.786204
0.740365
0.689383
0.907476
0.812937
0.457164
0.462267
0.950811
0.694061
0.740354
1.87115
2.83925
0.554521
0.528939
0.40358
0.609883
0.724145
0.939787
0.574456
0.868852
0.877598
0.620983
0.711158
0.395457
0.715883
0.765869
0.668828
0.627134
0.958559
0.660317
0.599552
0.757331
4.55021
0.739566
1.10589
0.638817
0.61989
3.61454
0.928671
1.04022
0.772531
0.965247
0.408367
0.753554
1.05822
0.822257
1.08962
0.406678
0.851072
0.741527
1.13409
0.426251
0.438054
0.670585
0.505565
0.671578
0.440603
0.650213
0.489499
0.489494
3.05134
0.742142
0.693749
2.93332
0.46615
0.575741
1.30348
0.691251
1.0858
0.873456
1.26844
2.48425
0.620899
0.681509
1.0703
0.869735
0.718196
0.649911
0.406637
0.410047
0.739943
0.478009
0.678218
0.614427
0.762519
0.605482
0.442063
1.62646
1.49451
0.489746
0.372909
0.66363
0.797446
0.550172
0.671612
0.62319
0.753176
1.00815
0.716944
0.666141
0.738935
0.781122
0.44171
0.917737
0.495437
0.419581
0.471998
0.457365
0.454674
1.02069
0.666953
0.644776
0.695273
0.399266
0.747107
0.635376
1.84912
0.52718
0.395619
2.07225
0.516511
0.633413
0.733632
0.635709
0.748853
0.485414
0.615975
0.650965
0.712024
0.705983
1.01166
0.676779
0.699247
0.552176
0.894496
0.721593
2.34391
0.849165
0.694589
0.656903
0.95338
0.577195
0.84525
0.388998
0.864162
0.722959
2.62303
1.01022
1.53972
0.420234
0.583821
0.696215
0.398916
0.455377
0.668643
0.436007
0.447804
0.508091
0.523183
0.464322
0.601701
0.609525
0.684197
0.55101
0.720348
0.550477
0.49809
0.62766
0.37112
0.705588
0.443599
0.578451
0.67298
0.516673
0.439693
0.783651
0.643355
1.86067
2.07163
0.57703
0.632205
0.431942
0.670366
0.431455
0.696527
0.695281
0.955453
0.746073
0.440766
0.479084
0.587764
0.650831
0.758829
0.807028
0.468379
0.707699
0.667764
0.524419
0.434124
0.572099
1.77345
0.505679
0.612049
1.20852
0.800087
3.23562
1.39608
3.49355
0.518312
0.749118
0.525216
0.652161
0.64856
0.983313
1.17981
0.680888
0.951857
0.744268
0.718849
1.11527
0.414161
0.706737
0.737451
0.72021
0.428408
0.776574
0.669791
0.431114
0.669773
0.606834
0.867048
0.634733
0.728674
0.477047
3.95652
2.60745
0.857778
0.855653
0.975798
0.818571
0.871345
0.792598
0.679253
0.459435
0.800482
0.753546
0.725424
0.727025
0.685901
0.515419
0.470605
0.634116
0.711352
0.637391
0.867534
2.31301
0.687237
0.739085
0.415467
0.566721
3.29602
0.504181
1.07535
0.709805
3.73784
0.756457
1.05442
1.24843
1.31711
1.25219
0.754459
0.997356
0.991884
0.862156
0.744368
0.908209
1.0369
0.907019
0.812669
0.646736
0.673638
0.780388
0.676909
0.686616
0.70966
0.727567
0.876569
1.02288
0.726424
0.671125
0.787838
0.909612
3.06533
1.01963
1.13266
0.519612
3.05192
1.04574
1.18414
1.02381
0.91545
0.737172
0.759655
0.634048
0.791612
0.669046
0.699011
0.711838
0.482006
0.714148
0.736229
0.457167
0.654477
0.533388
0.871105
0.681578
0.585948
1.29721
1.02276
0.775342
0.779103
0.502656
0.492239
0.723619
0.527201
0.709983
0.461324
0.548031
0.513038
2.37052
0.658022
0.703043
0.751004
0.779752
1.58191
0.718504
4.29377
0.698288
0.774351
0.737361
0.735573
0.764809
0.746901
0.587853
0.72345
1.51881
0.939459
0.915776
0.850849
0.756675
0.774372
0.541438
0.503521
1.05544
0.927894
1.19005
0.896773
0.82748
0.983282
1.2549
0.756709
0.779154
2.46024
3.81425
0.436586
0.753237
0.956936
0.496127
0.657064
1.41641
0.496056
0.742384
0.808766
0.454781
0.817491
0.915452
0.657235
0.750627
0.763077
0.859952
0.905835
0.817489
0.486842
0.480607
0.850853
0.831129
0.809558
0.794169
0.693936
1.04121
0.99216
0.765547
0.84177
0.940217
2.87208
4.40898
0.734799
0.568197
0.736718
0.448239
2.95195
0.87086
0.815462
0.83611
0.916111
0.817858
0.521615
0.469829
0.82671
0.752132
0.736604
0.541931
0.86141
0.749957
0.859898
0.767782
0.777548
0.601034
0.551032
0.950973
0.780273
0.573415
0.653252
0.554575
2.94211
2.47701
1.11288
0.65344
0.64735
0.403499
0.581934
1.58929
0.985435
0.869717
0.688577
0.441529
0.595394
0.723042
0.667779
0.994612
0.777254
0.936037
2.19377
1.04324
3.98434
1.0285
0.761475
1.54003
0.890159
0.76711
0.734554
0.468414
1.8616
0.591529
3.05355
0.902784
1.00943
0.79311
0.661821
0.413231
0.616795
0.662187
0.653676
0.563936
0.430517
0.663447
0.507713
0.752166
0.687172
1.26706
0.583252
1.17827
0.958909
1.03624
1.10728
1.26614
0.915962
2.10793
0.82948
0.836551
0.78788
0.759733
0.912855
1.05315
0.618769
3.14462
3.10787
0.480157
0.81486
0.702072
0.776544
0.73617
0.731401
0.723761
0.770581
0.440586
0.792884
0.663394
1.51262
0.872584
0.668752
1.02686
0.807977
1.45109
1.70753
0.751105
1.04661
0.945065
1.12825
1.72599
0.843031
1.20547
1.40309
0.845279
5.00125
4.42227
0.815327
0.833332
0.975098
0.875668
1.0231
0.797151
0.771702
0.636459
0.995185
0.731319
2.05935
0.926267
0.684499
0.537229
0.513825
1.00933
0.718625
0.478866
0.495653
0.721987
0.810546
0.872901
0.533903
0.794664
0.796535
0.448705
0.784504
1.30814
0.79272
2.78304
0.821238
2.88474
1.19037
0.986078
0.998938
0.874391
0.749651
0.748305
0.934223
0.80751
1.11673
0.809958
0.822841
0.863467
0.717977
0.847934
0.509598
0.541533
1.00886
1.09135
0.846225
1.38265
0.861564
1.36742
2.47415
0.803693
0.663634
0.536875
1.04278
1.09806
0.476383
3.81426
3.01148
0.907643
0.834068
0.820844
1.11965
0.764329
1.20616
0.815106
1.06356
0.701145
0.876924
0.754424
0.838376
0.718865
0.868434
0.555595
0.916599
0.973577
0.594767
0.662928
0.916952
0.843227
0.828987
0.906131
0.849259
0.72988
0.742815
0.795097
0.912134
2.94717
3.40475
0.701086
0.68803
0.700095
0.603921
1.08173
0.888732
0.801847
2.42324
0.789
0.862994
1.13775
0.616347
0.691586
0.977426
0.508272
0.891234
0.697484
0.904031
0.838354
0.833937
1.15702
0.861412
0.717506
0.749074
0.836797
1.02305
2.76771
0.762423
2.81053
1.08634
0.430275
0.430996
0.70216
0.758218
0.839452
0.679131
0.443192
0.731733
0.73448
0.742828
0.48005
0.478539
0.462657
0.846005
0.546333
0.544018
0.832261
0.706657
0.525566
0.5728
0.640292
0.457424
0.652557
0.490778
0.629803
0.803969
0.804581
0.634973
0.550924
2.68639
2.59948
0.7741
0.647562
1.99798
0.828433
0.677374
0.672624
0.66095
0.663705
0.433141
0.416894
0.624666
0.828478
0.83228
0.534595
0.750643
0.948569
0.666203
1.30291
0.513614
0.461598
0.821955
0.705086
0.846047
0.800907
0.618891
0.851322
0.770978
2.5672
0.71883
2.37708
0.493544
0.403795
1.08572
0.428606
0.620193
0.736864
1.2265
2.04907
0.685269
0.889203
0.636846
0.819719
0.561791
0.480819
0.514896
0.750884
1.29312
0.871627
0.779251
0.959631
1.1592
0.668103
1.27449
0.555705
0.496305
0.493764
0.944636
2.85688
2.99027
1.06187
0.444526
0.529153
0.734518
1.37823
0.746176
0.64633
0.662233
0.565338
0.687903
0.697889
0.853516
0.832836
0.470342
0.789896
0.800103
0.784531
0.700001
0.828463
0.875088
0.731115
0.771137
0.696599
0.852774
0.815992
0.833964
0.778751
0.6341
0.767258
2.99801
3.02478
0.7832
0.946893
0.712882
0.667125
0.852098
0.68927
1.06325
0.923608
0.8804
0.873522
0.790147
0.46068
0.563512
0.539344
0.534476
0.642238
0.551512
0.442432
0.566711
0.462464
0.463739
0.776592
0.591702
0.716313
0.732724
3.9857
0.750228
0.780676
0.936042
1.00066
0.770337
0.785396
0.852559
2.12603
1.80859
0.663032
0.590858
0.431508
0.518992
0.669397
0.447797
0.412572
0.683086
0.691651
0.376581
0.476128
0.64119
0.475162
0.647535
0.753062
0.765254
1.73073
0.516968
0.643639
0.398107
0.470384
0.386187
0.418602
0.600231
0.732983
0.599511
2.22545
1.86664
0.634513
0.557924
0.595556
0.707793
0.617594
0.487487
0.453312
0.86377
0.46625
0.459758
0.430834
0.432946
0.94224
0.68283
0.781664
0.719548
0.455982
0.468444
0.836067
0.768769
1.24133
0.979248
0.773764
0.610641
0.814598
0.750545
0.802716
1.3935
0.755506
0.703406
3.14403
2.4656
0.832047
0.908173
0.488927
0.748932
0.570214
0.475353
0.881962
0.515165
0.64487
0.460642
0.757909
0.836507
0.812688
1.30323
0.841211
0.926241
0.679789
0.795857
0.840184
0.678834
1.05112
0.760871
0.753279
0.614686
0.879161
0.793072
0.740694
0.676931
1.06396
3.91926
0.70092
10.0689
0.736611
0.687938
0.630977
0.861319
0.84369
0.758238
0.424196
0.59676
0.440834
0.770437
0.700822
0.443454
0.589587
0.636854
0.439834
0.709781
0.752695
0.701926
0.649175
0.751045
0.846083
0.818491
0.460824
0.689933
0.771753
1.09825
0.63476
2.38938
0.71266
1.62536
0.444344
0.657074
0.682156
1.22381
0.731703
0.434019
0.91651
0.782452
1.28408
0.712068
0.510923
0.872987
1.18104
1.58278
0.783057
0.998146
0.796393
0.705173
1.02235
0.864288
0.886075
0.631589
0.871144
0.68693
0.860548
1.44917
1.3241
0.984953
7.27143
2.88402
0.658057
1.12625
0.667181
11.4166
0.883894
0.982623
1.03115
0.892492
0.729174
0.667169
0.749742
0.74296
0.64762
0.947864
0.945179
0.794155
3.17485
0.866055
1.01883
0.748346
0.560335
1.02098
0.629562
0.820945
0.8413
0.86142
0.830031
1.55126
1.5363
1.27389
0.618164
2.3823
2.26995
0.953108
0.524466
0.509709
0.661061
0.479503
0.817271
0.983633
0.646593
0.870856
1.04127
1.02482
0.979403
0.763139
0.547097
0.767455
0.81596
0.5511
0.74029
0.799373
0.64589
0.840147
0.794368
0.766263
0.837473
0.86585
1.73072
1.37717
3.03708
3.08764
0.919523
3.54803
1.08194
0.97866
0.829127
0.561339
0.893124
0.993686
0.945641
1.61718
4.6936
1.46342
0.866512
0.854715
1.24068
0.86288
0.609876
0.993926
0.88595
0.668525
0.587452
0.881743
1.14084
0.790644
0.847116
1.01332
0.815373
0.810556
0.578968
1.90293
3.14429
1.03969
0.956846
1.04477
0.895883
0.89114
0.674767
0.535325
0.613103
0.776002
0.776958
0.875708
0.80743
0.806681
0.891422
1.90387
0.758305
0.75214
0.916889
0.816302
0.933689
0.929747
0.810721
0.618583
4.03399
1.58368
0.938879
0.650399
1.1291
2.54303
0.832038
0.55895
0.945118
0.663428
0.911551
0.490668
0.768944
0.835141
0.530496
0.885595
0.74056
0.823323
0.912329
0.734028
0.689947
0.757608
0.575221
0.748356
0.724714
0.72675
0.753213
0.876488
0.740092
0.715294
0.811981
0.825028
0.996788
0.892388
1.36231
0.954456
1.54844
1.26094
0.72577
0.822576
0.893162
1.80008
0.488468
0.708229
0.771083
0.486263
0.831267
0.637962
0.527328
0.735209
0.69814
0.945947
0.729745
0.550752
0.619255
0.734711
0.448045
0.770833
0.462274
0.825842
0.785147
0.503752
0.453365
0.440381
0.41451
0.494712
0.558343
0.86415
2.77404
0.85654
0.57585
0.534787
0.76876
0.663594
0.569143
2.27389
0.901962
0.790634
1.11437
0.810231
0.985694
0.848747
1.41838
0.677206
0.756597
0.730834
0.866076
0.672734
1.49537
0.825561
0.841304
0.771945
0.809171
1.95264
0.771611
0.883212
0.668018
0.932693
1.0175
0.854967
0.854438
1.02902
1.11475
1.00592
0.812112
0.80641
0.822618
0.970269
0.816791
0.891236
0.889183
1.05823
0.815111
0.806477
0.849702
0.765288
0.758666
0.941109
7.29104
1.2255
1.90876
0.752978
0.7845
0.86925
1.7878
1.58514
0.814614
1.02667
4.07729
0.90551
2.17206
0.853941
1.45544
0.853403
1.39205
1.02451
1.00601
0.769799
0.984096
1.75612
0.767666
0.804936
0.753965
1.05803
1.28539
1.30985
0.92615
0.896386
0.771244
0.874066
0.798873
0.796887
1.01308
0.663962
0.832788
0.794364
0.967068
2.02966
1.01606
0.810206
0.857181
0.878987
0.84443
1.09495
1.14474
1.00065
1.10113
0.776915
0.776525
0.815898
0.737994
0.595856
1.00324
0.762633
0.771706
0.892914
1.17485
1.21351
0.966439
1.03578
0.768498
0.830133
0.867391
0.538843
0.775056
0.93779
0.52927
0.805368
0.757096
0.880732
0.687446
0.634723
2.95464
0.933132
0.862228
5.5344
1.13722
1.13741
0.749293
0.531881
0.88776
0.562216
0.585132
0.828718
0.598828
0.638625
0.827245
0.809685
0.883338
0.5668
0.966148
0.492837
0.653068
0.682529
0.767885
0.631762
0.834003
0.538488
0.930391
0.93681
1.3092
0.798436
0.757388
0.721186
0.967286
0.766908
1.28641
0.786851
0.71699
1.09278
0.856339
0.727798
0.655832
0.868646
0.412456
0.751946
0.618841
0.578034
0.533416
0.483542
0.587009
0.658383
2.0369
0.920087
0.972334
0.970168
0.640249
0.838076
0.951331
0.80411
0.914942
1.05018
0.907063
0.676531
0.654822
0.730414
1.11201
0.656949
0.526435
0.789993
0.622278
0.711072
0.685763
0.808421
0.728507
1.32919
1.34936
1.85267
0.725827
0.761303
0.731353
0.515466
0.770058
0.924439
0.754993
1.35678
0.878454
1.3572
0.770167
0.91767
0.81161
1.2619
0.822066
1.80717
0.762155
1.00729
2.38143
0.805246
0.742913
2.41103
1.93259
0.857269
0.838502
1.05675
0.519869
0.739584
0.743105
0.785269
0.748172
0.966759
0.849388
0.997386
1.21436
2.11723
0.906962
0.843267
1.21995
0.91089
0.82031
0.816497
1.17502
0.580181
0.796905
0.785519
0.668751
0.830092
0.943986
0.974317
0.799438
1.08123
0.507858
0.702439
1.03271
0.939562
0.856548
0.71129
0.797245
0.796372
0.862914
0.763304
0.793333
0.878942
0.920145
2.25056
1.60257
1.65741
11.1687
0.84254
0.868634
0.621715
0.874992
0.640396
0.515919
0.529828
0.700562
0.767428
0.763762
1.13495
1.80787
1.14921
1.31076
1.2803
0.836627
1.71533
0.855407
1.03298
0.848058
0.75243
1.10867
0.720763
0.700037
0.705408
0.565313
0.841323
0.721344
2.46956
0.763526
0.758343
0.730861
0.469213
0.415281
0.556179
0.401513
0.3965
0.587557
0.408816
0.65341
0.513729
1.07864
0.681703
0.629628
0.950591
0.656371
0.492935
0.730482
0.66497
0.493581
0.459645
0.768647
0.943955
0.414965
0.418786
0.665933
0.391691
0.425094
0.464442
0.391563
0.84188
0.65319
0.585662
0.604476
0.853709
0.54378
0.465242
0.6519
0.531674
0.453047
0.449584
0.687099
0.654347
0.636893
0.893034
0.522987
0.967542
0.670864
0.411007
0.604331
0.649314
0.490136
0.622851
0.685215
0.765429
0.56635
0.744936
3.68172
0.677551
0.694832
0.567159
0.534545
0.628277
0.524097
2.34457
0.463328
0.419689
0.552942
0.894201
0.560687
0.682309
0.712273
0.682177
0.716672
1.01673
0.601998
0.362336
0.339978
0.358014
0.640091
0.522805
0.775901
0.624836
0.75933
0.950894
0.794247
0.519722
0.842707
0.457801
0.551433
0.598524
0.644173
0.385536
0.562006
0.600058
0.33038
0.981777
1.47879
0.572993
0.610933
0.580717
2.23592
0.656687
0.63442
0.568929
0.553335
0.571224
0.748069
0.610978
0.578927
0.766458
0.525985
0.622054
0.419931
0.386334
0.380652
0.384638
0.421865
0.528339
0.621044
0.690388
0.827537
0.670338
0.529948
0.908167
0.638451
0.647754
1.32654
1.03412
0.647007
1.12104
0.971147
1.0801
1.19354
0.638085
0.723845
0.705726
0.479321
0.559433
0.50075
0.628348
0.714925
0.646836
0.674322
0.577174
0.647674
0.923062
1.10852
0.449484
0.777393
5.37714
0.735435
3.53816
1.62757
0.972646
0.698194
0.588045
0.76221
0.664433
0.960978
0.396943
0.616241
0.529786
0.428658
0.64817
0.704512
0.583014
0.971418
0.637893
0.937996
0.72008
0.62558
0.532409
0.559389
0.637686
0.397959
0.567527
0.547831
0.697773
0.70436
0.35973
0.40727
0.568184
0.35965
0.495534
0.551617
0.539994
0.447579
0.747795
0.742703
0.431707
0.576672
0.713729
0.497341
0.387324
0.57645
0.37503
0.917658
0.392963
0.344487
0.608532
0.367972
0.565578
0.464886
0.455531
0.759482
0.537783
0.415883
0.603277
0.582516
0.43783
0.681988
0.970785
0.562798
0.425355
0.369608
0.377598
1.04539
0.530238
0.757039
0.362875
0.440031
0.670564
0.520234
0.663577
0.761482
1.21386
0.694858
1.13708
0.544486
0.974641
0.473713
0.721206
0.396334
0.505344
0.637488
0.687232
0.558716
0.356126
0.362046
0.377976
0.529311
0.573263
0.6058
0.679765
0.49196
0.828481
0.727036
0.434586
0.478592
0.652016
0.661342
0.583647
0.578283
0.927709
0.636937
0.452691
0.359521
0.896572
0.591086
0.41137
0.578546
0.408246
0.453063
0.395495
0.486949
0.584439
0.636147
0.48864
1.00962
0.403684
0.725123
0.346653
0.758675
0.680749
0.431009
0.496406
0.491024
0.351185
0.539484
0.626212
0.663598
0.69187
0.408805
0.382208
0.45032
0.659617
0.773627
2.82301
0.664453
0.743815
0.60843
0.660228
0.655501
0.393034
0.6634
0.390356
0.770486
0.482133
0.661161
0.665581
0.825179
0.617069
0.84063
0.655551
0.701456
1.50246
0.549295
0.670739
0.524363
0.517294
0.821544
0.563269
0.643357
0.711688
0.689795
0.849951
1.02647
0.730055
1.15531
0.697528
0.618815
0.902951
0.694977
2.56156
0.79853
0.69706
0.82029
0.866288
0.502835
0.673682
0.397698
0.634068
0.730255
0.836175
0.786438
0.758747
0.901267
1.06333
0.673429
0.721719
0.749251
0.712269
0.841836
0.756382
0.78341
0.584097
0.496979
0.786242
0.535501
0.584869
0.616411
0.667999
0.635556
0.557441
0.585592
0.617237
0.559704
0.944246
0.556653
1.1755
0.714767
0.678539
0.741192
0.575845
0.644235
0.630391
0.83281
0.495271
0.392959
0.716975
1.05248
0.64847
0.670947
0.40532
0.714403
0.921159
0.740324
0.814584
0.784704
0.620482
0.775333
0.636339
0.74267
0.739874
0.70382
0.727459
0.728148
0.7393
0.700485
0.71583
0.815943
0.858611
0.465014
0.549818
0.683353
0.385271
0.610781
0.449715
0.388256
0.862629
0.788974
0.935148
0.994971
0.812815
0.743371
0.64804
0.603833
0.689834
0.75436
0.499884
0.745468
0.447332
0.598928
0.55889
0.458019
0.825176
0.765868
0.429489
0.557882
0.441834
0.401095
0.502453
0.633454
0.445392
0.637249
0.725765
0.596323
0.390361
0.389885
0.501573
0.501968
0.478504
0.706571
0.564805
0.586651
0.757264
0.410556
0.402419
0.430925
0.407433
0.397318
0.4234
0.486664
0.686817
0.83623
0.650865
0.459387
0.513667
0.624463
0.715474
0.656314
0.666256
0.735839
0.481578
0.877499
0.455258
0.4606
0.677521
0.546798
0.477115
0.448973
0.451112
0.593556
0.455539
0.569521
0.776009
0.746664
0.487995
0.661562
0.574249
0.50745
0.683144
0.654171
0.519272
0.799906
0.624028
0.644162
0.566623
0.398074
0.514304
0.586051
0.544425
0.76206
0.662706
0.580075
0.828545
0.461409
0.791224
0.578653
0.503526
0.613241
0.672139
0.50377
0.73039
0.538322
0.640481
1.18996
0.478052
0.771445
0.802652
0.475123
1.00162
0.400344
0.519788
0.41489
0.570941
0.833858
0.622893
0.648145
0.565609
0.397394
0.392872
0.555847
0.838693
0.558512
0.609244
0.578115
0.654034
0.707809
2.51728
0.580655
0.853244
0.668414
0.845282
0.642363
0.628027
0.539601
0.520569
0.424436
0.452268
0.427767
0.84427
0.725072
0.658945
0.559087
0.6077
0.671464
0.56495
0.795854
0.791191
0.811082
0.481146
0.528792
0.718767
0.614833
0.815035
0.693621
0.749109
0.379546
0.411958
0.660093
0.525418
0.396775
0.413549
1.15244
0.696762
0.61643
0.557486
0.508091
0.475773
0.453844
0.823935
0.945132
0.636608
0.787802
0.540562
1.71982
1.39923
2.24316
0.773499
0.809096
0.613381
0.453751
0.476508
0.580194
0.691469
0.526525
0.738519
0.69599
0.872995
0.639321
0.481025
0.432021
0.428382
0.734438
0.539277
0.802149
0.697933
0.731863
0.490889
0.719976
0.469353
0.469728
0.464812
0.853388
0.765045
0.524254
0.47766
0.448962
0.77006
1.43004
0.600223
0.39751
0.403012
0.394865
0.428893
0.448493
0.653779
0.38014
0.41787
1.07146
0.634596
0.697844
0.866007
0.474741
0.414627
0.676226
0.658443
0.707243
1.03925
0.739565
0.696891
0.504328
0.605837
0.619237
0.717942
0.977794
0.669775
0.666139
0.624433
0.605861
0.417056
0.649247
0.452149
0.693021
0.541945
0.603581
0.482732
0.591361
0.74434
0.51414
0.396793
0.491692
0.521517
0.594279
1.00318
0.856744
0.586061
0.62922
0.382778
0.637433
0.458976
0.684419
0.415591
1.06822
0.662114
0.41404
0.493943
0.390416
0.603961
0.952115
0.815724
0.522518
0.392302
0.526217
0.660711
0.71403
0.406753
0.709463
0.623603
0.636144
0.642282
0.645508
0.41698
0.542934
0.640253
0.691908
0.689756
0.459038
0.640087
0.688938
0.450759
0.724433
0.484535
0.640493
0.378652
0.539098
0.336727
0.53852
0.572657
0.564269
0.457672
0.685064
0.476937
0.493188
0.404384
0.558943
0.545566
1.43942
0.632801
0.621918
0.484571
0.562159
0.390966
0.580649
0.562917
0.53881
0.466744
0.332413
0.517011
0.559888
0.58077
0.475522
0.946267
0.450368
0.794369
0.377188
0.345387
0.38969
0.705131
0.378741
0.499512
0.318796
0.581134
0.528274
0.581932
0.332452
0.543784
0.506387
0.402753
0.367453
0.775768
0.594996
0.627748
0.673442
0.387002
0.376686
1.07397
0.592357
0.469943
0.573608
0.798529
0.522702
0.494218
0.389876
0.325572
0.543945
0.44642
0.430721
0.572316
0.31755
0.673962
0.393665
0.564179
0.370344
0.316163
0.310747
0.368522
0.649851
0.516378
0.609465
0.71372
0.794888
0.523592
0.600325
0.800319
0.613956
0.441343
0.328704
0.482784
0.410007
0.483072
0.596737
0.397671
0.435581
0.34609
0.342978
0.555825
0.315942
0.300049
0.47192
0.290122
0.371329
0.383795
0.458604
0.38442
0.448241
0.687087
0.41266
0.518796
0.36021
0.413048
0.440484
0.717155
0.773863
0.713693
0.948909
0.668548
1.32682
0.583217
0.872749
1.03477
0.947152
0.546753
0.536605
0.677067
0.411041
0.478497
1.03951
0.322962
0.492416
0.700809
0.460473
0.523181
0.45954
1.11409
0.489846
0.47696
3.23831
1.23391
0.687303
0.438132
0.650934
0.404955
0.692653
0.653655
0.720338
0.60577
0.47046
1.07103
0.447396
0.612611
0.634608
0.98779
0.632412
0.689412
2.14086
0.970309
0.584776
0.551303
1.11102
0.645809
0.356071
0.57962
0.432743
0.40845
0.429967
0.359345
0.515127
1.14684
0.575993
0.800809
0.627833
0.783893
0.70541
0.620157
0.478708
0.707627
0.422495
0.424225
0.641462
0.804967
0.448951
0.614231
0.448254
0.5269
0.99911
0.722178
0.650597
0.799789
0.791136
0.826722
0.515923
0.814511
1.41776
1.39976
0.548012
0.440362
0.567805
0.747355
0.669071
0.443094
0.648111
0.576431
0.63306
0.659074
0.629182
0.691302
0.723391
0.588769
0.425864
0.36478
0.561029
0.53735
0.526326
0.456477
0.38571
0.337168
0.543685
0.359938
0.759411
0.847793
0.889872
0.850616
0.357591
0.873476
0.469583
0.73007
0.380898
0.530024
0.991438
0.631748
0.615735
0.679467
0.565081
0.715708
0.361407
0.666442
1.76426
0.615734
0.35351
0.651783
0.426275
0.333313
0.569522
0.421186
0.584891
0.47223
6.59816
1.59416
0.694674
0.569531
0.520054
1.08182
0.606107
0.708557
0.63071
1.2225
0.634491
0.440726
0.672748
0.704554
0.668062
0.45756
1.04547
0.559459
1.29116
0.874993
0.918692
0.667781
0.835524
0.465293
0.655128
0.837213
0.676813
0.485551
0.46177
0.644885
0.601794
0.482074
0.884837
0.652997
0.659334
0.806142
0.867162
1.21188
0.835545
0.702088
0.758421
0.412715
0.787929
0.45864
0.422149
0.430006
0.533395
0.706307
0.569961
0.62172
0.649469
0.755165
0.716358
0.826424
0.856933
0.816936
0.685435
1.09959
0.824393
0.661502
1.54511
0.662852
0.432906
0.421849
0.659468
0.801814
0.737672
0.78518
0.693543
0.78468
0.74427
0.514091
0.473777
0.801967
0.909309
0.43029
0.399876
0.45222
0.4303
0.761424
0.64702
0.542303
0.461988
0.812736
0.503659
0.456546
0.619163
0.738747
0.654984
0.703905
1.24819
0.723417
0.679678
0.677529
0.953206
0.461628
0.709326
0.721555
0.705634
0.688375
0.452123
0.408912
0.418517
0.411024
0.518001
0.662224
0.441872
0.693102
0.752359
0.756132
1.20579
0.883596
0.687753
0.717567
0.504106
0.550502
0.972625
0.548923
0.906361
0.734771
0.745793
0.472695
0.713116
0.966903
0.771475
1.09221
0.73689
1.14334
0.892529
1.58976
0.960459
0.446584
0.662095
0.417252
0.601383
0.883726
0.441703
0.758361
0.497285
0.74947
0.661639
0.716488
0.444769
0.739395
0.961568
0.563091
0.810403
0.785514
1.42463
0.974872
0.712109
1.04309
0.856468
0.723433
0.756318
0.66113
0.480633
0.447198
0.719695
0.887053
1.29392
0.430343
0.468046
0.492369
0.415682
0.471373
0.580264
0.910687
0.750806
0.409964
0.589763
0.684292
0.424327
0.42191
0.429011
0.523103
0.663487
0.434784
0.585658
0.425231
0.532677
0.429875
0.430327
0.731415
0.48182
0.907594
0.705243
0.959577
0.469075
0.518359
0.887507
0.728116
0.701317
0.45583
0.679218
0.800896
0.81791
0.712878
0.788533
0.767406
0.69428
0.492461
0.787214
0.610545
0.739662
0.763189
0.762028
0.534889
0.506684
0.674997
0.637754
0.648786
0.772227
0.769139
0.815187
0.787375
0.700827
0.785672
0.741567
0.69281
0.601381
0.613638
2.72758
1.09909
1.35525
0.925114
1.16577
0.703885
3.43835
0.737965
0.687459
0.680546
0.730722
0.745773
1.19178
0.730729
0.724659
1.05854
0.735986
0.461121
0.683366
0.9726
0.412868
0.53697
0.489916
0.892338
0.650447
0.596677
0.557708
0.743599
0.836711
0.801432
0.939515
1.02738
0.772697
0.706339
0.774198
0.739098
0.845528
0.884779
0.901138
1.00633
0.788905
0.785556
0.82278
1.29035
0.892852
0.79797
0.852671
1.07229
0.797942
0.877226
0.587407
0.756876
0.816962
0.871434
1.09171
1.32155
1.10328
1.14547
0.887859
0.867094
0.849227
0.719147
1.02956
0.864825
0.725871
0.87722
1.2724
1.37672
1.38005
0.653831
0.610181
0.899377
1.03215
0.885866
1.5584
1.73468
0.794806
0.763623
1.02425
0.874076
1.29061
1.024
0.799974
0.974332
0.793515
0.868763
0.850624
1.07146
1.39041
0.743142
1.00824
0.606019
0.896482
1.15881
0.883199
0.730842
0.870487
0.770107
0.900412
0.823551
0.830996
0.883098
0.745513
0.834274
0.728591
1.08217
1.05228
0.94577
0.497609
0.648255
0.624583
0.561314
0.981685
0.93087
0.909351
0.863127
0.83639
0.533884
0.638768
0.512527
0.975911
0.698529
0.677439
0.676433
0.736045
0.698247
0.755893
0.640926
0.465307
0.760388
0.65858
0.609133
0.506147
0.686784
0.643294
0.58606
0.660705
0.793335
0.741228
0.723351
0.827354
0.635862
0.781651
0.713011
0.631137
0.7454
0.670512
0.728722
0.481634
0.864879
0.477968
0.729434
0.86631
1.2111
0.792629
0.722692
0.689847
0.709473
0.729231
0.689052
0.857873
0.569207
0.769681
0.679001
0.729632
0.70776
0.730751
0.701923
0.647518
0.692918
0.673497
0.434905
0.61036
0.644008
0.507782
0.408963
0.401653
0.401439
0.445395
0.506628
0.446991
0.417024
0.808843
0.574764
0.59846
0.635645
0.465323
0.732869
0.660985
0.524447
0.507891
0.51756
0.812487
0.41802
0.668257
0.476406
0.40365
0.441276
0.476787
1.24877
0.423881
0.439521
0.335323
0.486378
0.592352
0.666954
0.626166
0.587747
0.793411
0.41021
0.427193
0.701888
0.682865
0.51491
0.72422
1.15486
1.26148
0.594056
0.725196
0.564795
0.758918
0.422492
0.567317
0.526623
0.704735
0.665837
0.436851
0.406862
0.634114
1.29775
0.589901
0.803104
1.08885
0.5114
0.681962
0.538802
0.421073
0.390407
0.418693
0.424615
0.575652
0.757975
0.463195
0.699423
0.511075
0.428438
0.663156
0.644505
0.589517
0.943663
0.715596
0.750677
0.80307
0.725551
0.716533
0.600905
0.662971
0.590428
0.466499
0.620536
1.33194
0.653597
0.529349
0.529067
0.387116
0.387482
0.587795
1.82802
0.678799
0.604689
0.724476
0.425516
0.499042
0.791246
0.682966
0.670445
0.637963
0.651947
0.435565
0.464575
0.509015
0.616309
0.379773
0.415093
0.40436
0.530153
0.799408
0.668906
0.554869
0.43626
0.657877
0.688266
0.415382
0.373682
1.3972
0.461186
0.36796
0.412143
0.420011
0.376315
0.373583
0.406248
0.330954
0.550636
0.616889
0.589524
0.610764
0.823055
0.374228
0.422226
0.375897
0.427157
0.474179
0.410681
0.679211
0.509847
0.411243
0.69475
0.596232
0.616702
0.57004
0.645541
0.520187
0.881548
0.630069
0.486957
0.491807
1.09767
0.743009
0.445627
0.433873
0.424041
0.502353
0.762064
0.695797
0.7426
0.794004
0.748421
0.740069
0.71081
1.07149
0.513157
0.687867
0.581229
2.24348
1.10731
0.634567
0.472282
0.531994
0.735641
0.712996
0.420358
1.17313
0.494852
0.615052
0.418972
0.391135
0.700095
0.584592
0.393232
0.516828
0.636416
0.851526
0.858629
0.628376
0.901185
0.5594
0.362615
0.641045
0.370932
0.607019
0.576973
0.785328
0.451636
0.612129
0.960406
0.674489
0.498078
0.35154
1.14611
3.07785
1.82027
0.39752
0.443007
0.504973
0.6332
0.668989
0.843579
0.74211
0.639867
0.445307
0.779072
0.778298
0.883994
0.708987
0.711207
0.655453
0.812245
0.634426
0.690048
0.940874
0.856588
0.862753
0.955499
1.09203
3.24217
0.961448
0.471469
0.736369
0.669677
0.421505
0.70342
0.808469
0.646669
0.449961
0.71458
0.759349
0.819047
0.749923
0.840224
2.1875
0.749593
0.732927
0.693157
0.723519
0.689203
0.757004
0.996169
0.629309
0.63178
0.739654
0.817632
0.957028
1.75809
0.71814
0.723773
0.758589
0.826413
0.937719
0.660701
0.635153
0.774599
0.412128
0.452025
0.588321
0.687146
0.820634
0.489419
0.432935
0.741536
0.434885
0.427614
0.433725
0.500099
0.643892
0.694802
0.62157
0.539651
0.467475
0.662219
0.613792
0.698054
1.01136
0.740862
0.422865
0.82714
0.872211
0.471809
0.641794
0.719004
0.772432
0.606219
0.458515
0.486623
0.701014
0.88644
0.719309
0.597188
0.759254
1.06616
0.453398
0.429412
0.683047
0.456251
0.718915
0.538043
0.51051
0.535199
0.419191
0.503005
0.541973
0.565743
0.739526
1.44349
3.93774
0.517178
0.638715
0.678972
0.695255
0.756442
0.453237
0.529281
0.809955
1.16183
0.698058
0.527163
0.802298
1.19803
0.554237
0.424692
0.800386
0.737469
0.562883
0.444005
0.805193
0.635314
0.448916
0.798263
1.05589
0.556145
0.808766
1.03837
1.16897
1.04299
0.889746
0.804476
0.768205
0.820722
0.794183
0.559104
0.769821
0.811162
1.36384
0.956648
0.899265
0.457671
0.794263
0.584818
0.510193
0.513473
0.761039
0.495418
0.603457
0.658123
0.751355
0.920029
0.582898
0.799341
0.874736
0.813932
0.458098
0.529041
0.530483
0.476848
0.805267
0.795329
0.725339
0.775728
0.834793
0.786044
0.877093
0.788175
0.77306
0.62489
1.1468
0.83767
0.812592
0.740641
0.484405
0.495379
0.431713
0.496826
0.748643
0.46741
1.64163
0.423248
0.443033
0.581359
0.398512
0.744408
0.577615
0.602034
1.16594
0.760489
0.764929
0.423867
0.681869
0.547339
0.709695
0.859495
0.674978
0.616466
0.722939
0.643238
0.444814
0.543615
0.72049
0.798122
0.880875
0.526573
0.867883
0.872226
0.769773
0.500741
0.688045
1.53089
1.26186
0.899497
0.913253
1.07397
1.97373
0.766493
0.655871
0.781063
0.755983
0.776326
0.793347
0.704181
1.01006
0.741661
1.4119
0.768291
0.606409
0.90933
3.15642
0.599817
0.597868
0.796746
0.772829
0.550578
0.907595
0.869485
0.563146
0.613579
0.924394
0.856922
1.15268
0.608409
0.773598
0.602786
0.631692
0.543893
0.615468
0.652651
0.747121
0.836775
0.866111
0.78619
0.756972
0.55559
0.836307
0.673347
0.97799
1.05838
0.767443
0.489997
0.673629
0.906471
1.96636
0.527238
0.555214
0.65147
0.781592
0.599983
0.88834
0.613499
0.713304
0.930272
0.751391
0.601986
0.573459
0.783072
0.678295
3.10575
0.871735
0.524328
0.994798
0.822068
0.584006
0.594553
0.565624
0.920682
0.797941
0.619391
0.488345
0.611964
0.573863
0.56143
0.602441
0.768259
1.02953
0.732127
0.772213
0.766531
0.524577
0.556287
0.565266
0.829593
0.789405
0.754752
0.637315
0.696259
0.827017
0.575962
0.548666
0.91949
0.632608
0.942636
0.865789
0.822642
0.797644
0.829425
0.923489
0.908831
0.953751
0.903727
0.492581
0.818323
1.34858
0.744679
1.09288
0.656311
0.45694
0.779729
0.862134
0.603389
0.527307
0.618425
0.626798
0.574774
0.503256
0.542822
0.664997
0.552507
0.753641
0.837175
0.800507
0.73886
0.83416
0.815219
0.494958
0.780913
0.869563
0.938933
0.647407
1.03633
0.885754
0.780786
0.770868
0.947689
0.751083
0.476284
0.529634
0.532144
0.896506
0.557382
0.838986
1.19899
0.636183
0.641145
0.577884
0.674674
1.00717
0.779968
0.616998
0.98415
3.10691
0.624248
0.809002
0.801523
0.628998
1.59023
0.68318
0.9153
0.935222
0.547663
0.988231
0.494512
0.478598
0.450538
0.426982
0.954841
0.436064
0.675483
0.729719
0.720413
0.606059
0.473907
0.508157
0.463852
0.81015
0.517168
0.518731
0.454211
0.431189
0.699798
0.741481
0.958822
1.53044
2.45307
0.637936
0.792122
0.783978
0.737148
0.825268
0.527024
0.524448
0.484446
0.89534
0.4159
0.786164
0.531193
0.732247
0.748174
0.785366
0.809252
0.726804
1.11797
0.718723
0.85965
0.514032
0.661737
0.865902
0.816471
0.754695
0.644538
0.716083
0.795016
0.712247
0.58973
0.671584
0.68722
0.852507
0.710286
0.781448
0.6779
0.527839
0.819971
1.38919
0.556637
1.01653
1.17531
0.854303
0.4359
0.676544
0.680853
1.18528
0.592794
0.917546
0.636869
0.659798
0.570883
0.593394
0.476371
0.461421
1.7919
0.976735
1.82949
0.682612
0.791952
0.552719
0.951431
0.46557
0.8576
0.625948
0.507258
1.06585
0.510171
0.478227
0.469571
0.498698
0.78084
0.783583
0.962657
0.786123
0.710437
0.770854
0.54655
1.04599
1.41703
0.549601
0.46351
0.691825
0.710012
0.488
0.815374
0.755128
0.829843
0.725554
0.821445
0.801629
0.977722
0.608844
1.0614
0.715777
0.667115
0.801784
0.493851
0.540512
0.503798
0.463402
0.755392
0.638479
0.602403
0.952708
0.76953
0.996141
0.952527
1.0484
0.721957
0.713611
0.901067
0.886476
0.749149
0.793341
0.607417
0.788568
1.17498
0.761068
0.704928
0.742975
0.580071
0.440931
0.742501
0.568281
0.468318
0.513301
0.496243
0.756019
0.484076
0.470054
0.541694
0.768554
0.638454
0.857774
0.795833
0.462392
0.488232
0.831589
0.807365
0.76177
0.915877
1.3708
1.59949
0.470378
0.994418
0.734289
0.783067
0.737283
0.577974
0.445806
0.457632
0.639246
0.546829
0.457069
0.826541
0.809141
0.820391
0.765192
0.566314
0.715645
0.736217
0.929577
0.755828
0.498614
0.470369
0.86429
0.482634
0.467544
0.523298
0.729412
0.624981
0.506823
0.699212
0.6995
0.836159
0.689845
0.738346
0.436439
0.646936
0.726877
0.768728
0.668385
0.822331
0.640148
0.452138
0.705528
1.09407
1.22709
0.745022
0.424912
0.540411
0.542177
0.582247
0.424966
0.968598
0.888009
0.869355
0.486714
0.403832
0.78351
0.59969
1.77642
0.847395
0.658784
0.671534
0.492658
0.608623
0.525834
0.777023
0.706824
0.770114
0.867286
0.776339
0.690398
0.522268
0.519782
0.426662
0.694097
0.623101
0.724494
1.04381
0.483429
0.422858
0.439675
0.409028
0.661667
0.506925
0.812431
0.724199
0.646322
0.595745
0.592743
0.758578
0.716049
1.24919
0.702419
0.958804
0.402479
0.416184
0.439099
0.477777
0.473654
0.594698
0.535842
0.417096
0.350632
0.69908
0.554595
0.368052
0.40817
0.586062
0.944964
0.358713
0.694449
0.990094
0.582791
0.547314
0.553045
0.452863
0.500095
0.553916
0.619697
0.640548
0.624101
0.554583
0.573996
0.530768
0.598718
0.714335
0.642322
0.650198
1.032
0.381141
0.68845
0.723793
0.664974
0.428822
0.465109
0.615778
0.929934
0.614014
0.394342
0.566769
0.365652
0.586043
0.718737
0.399068
0.579169
0.550273
0.415467
0.387988
0.474981
0.984233
0.597436
0.864889
0.584811
0.935304
0.6039
0.592477
0.661169
0.606102
0.716172
0.645478
0.634194
0.588313
0.37584
0.692075
0.734856
0.586823
0.860417
1.10075
0.677021
0.976022
0.755785
0.913329
0.51639
0.430817
0.67817
0.544238
0.688901
0.573545
0.626871
0.653966
0.510025
0.67012
0.412536
0.444653
0.468841
0.84869
0.78394
0.52192
0.461133
0.776032
0.605674
0.508846
0.469707
0.675997
0.398041
0.387489
0.490216
0.492203
0.421087
0.551937
0.691167
0.611336
0.754584
0.395617
0.522316
0.489693
0.67078
0.666488
0.642085
0.678358
0.458231
0.643101
0.500852
1.0321
0.620194
0.452848
0.620322
0.636553
0.838908
0.531119
0.454528
0.700366
0.471002
0.709132
0.730874
0.450248
0.432758
0.446227
0.615951
0.853865
0.757984
0.454586
0.811282
0.714268
0.47574
0.494525
0.518624
0.777384
0.775082
0.552797
0.671196
1.02806
0.824785
0.703717
0.739634
0.722429
0.573953
0.608178
0.70949
0.500753
0.685383
0.749184
0.801777
0.662357
0.92928
1.0682
0.867865
1.02882
0.453649
0.776227
0.859761
0.689944
0.898667
1.56849
2.13582
1.41954
0.762459
0.802867
0.836704
0.767312
0.624185
0.726662
0.810592
0.876257
0.846365
0.739936
1.15294
0.521279
0.596237
0.875293
0.813976
0.862169
5.98124
0.693072
0.905459
0.929889
1.79141
1.09787
0.79387
0.609978
0.981293
0.80034
0.722531
0.722408
0.77718
0.578139
0.825024
1.60348
0.704696
0.78476
0.776404
0.641861
0.694513
0.70087
0.754068
1.30934
1.13763
3.92938
0.911476
0.851013
0.806791
0.928925
0.961779
0.496661
0.705597
0.621532
0.512894
0.645293
0.708285
0.733984
0.790376
0.60258
0.454415
1.20743
0.788648
0.636861
0.738962
0.724782
0.739016
0.742082
0.667402
0.750349
0.690958
0.72398
0.664073
0.744352
0.733912
0.760235
0.815256
5.7935
2.4555
0.668467
0.442918
0.865767
0.696349
0.947318
0.67571
0.968293
1.08497
0.876175
0.569634
0.751541
0.786801
0.863813
0.469638
0.689838
0.810931
0.784759
5.57048
0.826143
0.669169
0.926142
0.717185
0.661253
0.850169
1.91309
4.57797
0.909696
0.714865
0.787644
0.689477
1.57974
0.780349
0.741624
4.15777
1.00917
0.83497
0.852118
0.882873
1.20121
1.0574
0.984644
0.788414
5.92773
1.58091
1.43228
0.845022
0.879879
1.33975
1.0149
1.1553
1.16863
4.31989
1.47363
0.839203
0.936229
1.58104
0.929922
1.14238
2.0264
1.19316
1.66678
0.805699
0.612001
1.00671
0.790551
0.767573
1.17966
0.897163
0.694495
0.583368
0.500598
0.711047
0.792026
1.11099
0.715938
0.475284
0.721919
0.651544
0.705843
0.55178
1.05441
0.718275
0.475502
0.376039
0.413246
0.984388
0.397864
0.671779
0.857001
0.899852
0.689994
0.65421
0.447665
0.794691
0.478611
0.683066
1.08573
0.573855
0.908057
0.79889
0.644378
0.840066
0.75441
0.799411
0.519332
0.804663
0.624693
0.649855
0.742021
0.727869
0.706716
1.25707
0.875488
0.719832
0.662805
0.765654
3.31874
0.832988
0.713004
0.438936
0.741699
0.765127
1.49208
0.544223
0.504456
0.717167
0.509147
0.930394
0.836573
0.989201
0.651632
0.50773
0.946584
0.721471
0.732606
0.725822
0.601055
0.630434
0.560178
0.756065
1.16629
0.704658
0.500874
0.74864
1.12783
0.836686
0.778677
0.75645
0.398881
0.574262
0.596578
0.663925
0.444093
0.51432
1.14968
1.34119
1.28098
1.19005
1.21612
0.674258
0.655544
0.695858
0.440144
0.401629
0.683108
1.16956
0.832369
0.63212
0.619727
0.71339
0.823287
0.60375
0.62069
0.408675
0.894274
0.788503
1.62311
0.685094
0.447231
0.439885
0.779537
0.674987
0.571399
0.589057
0.781128
0.653788
0.924093
0.91096
0.866251
0.728892
0.681785
0.832202
1.18348
1.01209
0.756481
1.27238
0.655379
5.80503
0.691627
0.550472
0.664266
1.16282
0.67394
0.817917
0.848117
0.725966
0.50407
0.619649
0.758215
0.471196
0.76488
0.466031
0.520081
0.680776
0.687717
0.451661
0.440415
0.654653
0.569112
0.935447
0.71088
0.780054
0.451687
1.27036
0.663114
0.511342
0.708684
0.523074
0.654474
0.608715
0.887672
0.640764
0.476747
0.680202
0.704122
0.699852
0.625604
0.714883
0.641208
0.592062
0.691786
1.1986
1.77631
0.775399
0.735535
0.853765
0.578795
0.861009
0.755166
1.32714
0.869968
0.997023
0.93861
0.823028
0.784473
0.650881
0.794886
0.848091
0.695029
1.02119
0.665018
0.740233
0.73826
0.664704
0.642494
4.62846
2.44314
0.770047
0.739927
0.639802
0.618779
0.561114
0.600385
0.726908
0.865203
0.910074
0.875711
1.14598
0.936402
0.497174
0.772093
0.649195
0.753616
0.753815
0.887449
1.36815
1.59811
9.52188
0.768797
0.717831
0.767693
0.836378
3.47369
0.860297
1.30651
0.85598
0.91232
1.04409
1.00987
0.877671
2.36694
2.32329
0.945481
0.751777
1.32947
0.683961
0.700526
0.605141
0.81866
0.754602
0.701308
0.685771
0.947073
0.718892
0.706785
0.730861
0.790753
1.24571
0.677204
0.644603
0.726153
1.05587
0.72946
0.844226
0.743083
0.679872
3.55763
0.770707
4.9283
0.748389
0.791795
0.954977
1.0393
0.797889
0.796323
1.52964
0.766174
2.77376
0.764186
0.820346
0.684638
0.654212
0.999993
0.731926
0.712463
0.653956
0.617497
0.402787
0.780445
1.14649
0.800891
0.7228
0.62803
1.28333
1.95596
0.675529
0.667591
0.710077
0.798549
0.893065
0.678675
0.673333
0.784249
0.756772
0.623027
0.84171
0.72964
0.526275
1.0537
0.552073
0.667064
1.33798
0.493204
0.697841
0.524736
0.704781
0.656459
0.399559
0.537467
0.633544
0.64634
0.62372
1.12425
0.390808
0.818298
0.498717
0.593343
0.648737
0.947822
0.506935
0.400503
0.687317
0.497284
0.7585
0.406706
0.777842
0.676264
0.609493
1.18681
0.684217
0.462734
0.513323
0.922425
0.810278
0.49956
0.602668
0.395925
0.715863
0.646532
0.682467
0.61823
0.452668
0.635169
0.48299
0.668239
1.19164
0.74586
0.559123
0.829553
0.753725
1.71424
0.955289
0.762348
0.795408
0.407063
0.682418
0.59485
1.02835
0.692594
0.541807
0.410696
0.638373
0.84873
0.589935
0.485612
0.57275
0.642923
0.383546
0.67252
0.676361
0.784809
0.572269
0.567849
0.480368
0.775878
0.624886
0.543395
0.583252
0.381128
0.753158
4.36409
1.24633
1.18191
0.672554
0.383772
0.757878
0.401195
0.702293
1.23322
0.735584
0.678445
0.795796
0.841016
0.819981
0.611284
0.399483
0.439498
0.478272
0.339888
0.591247
0.714088
0.395961
0.51441
0.49948
0.448018
0.439643
0.584212
0.589517
0.501716
0.589322
0.81858
0.488987
0.632125
0.69526
0.6229
0.550585
1.54632
0.655926
0.44308
0.498103
0.683897
0.504023
0.579338
0.541585
0.743862
0.574322
0.471825
0.976299
0.483593
0.514903
0.470735
1.68608
0.938424
0.365931
0.580628
1.2001
0.973736
10.9622
0.551754
0.557935
0.509561
0.608375
0.742939
0.655387
1.06106
0.626398
0.883789
0.619206
0.48936
0.584819
0.525231
0.602702
0.69623
0.595962
0.704392
0.463523
0.475106
0.523123
0.503901
0.450683
0.440034
0.462418
0.478964
0.713759
0.439647
0.508146
0.501258
0.486271
0.496333
0.563884
0.49426
0.496469
1.09994
0.833322
0.760547
0.78407
0.99287
0.774151
2.49461
0.436788
0.787579
0.660956
0.713823
0.709361
0.646533
2.53005
0.728991
1.10071
1.77761
0.831209
0.766195
0.758854
1.06788
1.02773
1.73418
1.76891
0.761461
0.373952
0.886858
0.699658
0.719631
0.597477
0.483147
0.653198
0.702026
0.765266
0.672867
5.03558
0.699343
0.373316
0.462605
0.447113
0.714367
0.433155
0.55701
0.458024
0.657543
0.615167
0.705922
0.55096
0.718242
0.583382
0.607713
0.648839
0.515544
0.605896
0.403848
0.643137
0.627166
0.55099
0.526397
0.78945
0.488765
0.486179
0.463225
0.721739
0.728612
0.889552
0.631351
0.524808
0.683764
0.677732
0.902122
1.02648
0.872868
0.556463
0.653472
0.716097
0.570647
0.582142
0.804488
0.691948
0.713571
0.608047
0.723542
1.10433
0.717336
0.515947
1.01819
0.59795
0.722763
0.652898
0.666026
0.752685
2.77115
0.54032
0.634313
0.536088
0.882278
0.457653
0.541474
0.818736
0.466846
0.65983
0.610147
0.984425
0.42339
0.728814
0.497101
0.58589
0.731256
1.08213
0.693455
0.866306
0.70091
0.964271
0.512255
0.587279
0.415346
1.7586
0.968921
0.706736
0.656154
0.801118
0.526107
0.674469
0.575927
0.548095
0.632327
0.75671
0.718857
0.543969
0.606989
0.835571
0.565175
0.74626
0.799185
0.898665
0.895222
0.731041
0.68769
0.829512
0.801721
0.726404
0.890847
0.871788
0.940425
2.25704
1.00279
0.551229
0.511185
1.01103
0.473268
0.470967
1.44083
1.42956
1.19033
0.715462
0.81543
0.669366
0.91234
0.788366
1.23805
1.31232
0.546666
0.877831
0.834168
0.797633
0.835459
1.04519
2.73625
1.0011
0.907389
0.804736
0.946522
0.718935
1.30174
0.839786
0.965239
0.898428
0.567017
1.48993
0.552367
0.905373
1.61433
0.536474
0.571675
1.02718
1.4283
0.952353
1.36097
0.653804
0.52039
1.49275
0.857828
0.774507
1.02697
0.884921
0.930576
1.60447
3.52391
0.910823
0.76987
0.53058
0.59795
0.669745
1.18121
0.912703
0.589675
0.602441
0.772884
0.549558
1.66579
1.1586
1.12156
1.64583
1.01469
1.13325
0.926953
1.68967
3.72622
0.810345
0.992256
1.23044
1.24901
1.14436
1.11396
1.40268
0.950817
0.890935
1.07417
1.11678
1.43163
1.10563
1.72849
1.37069
0.674521
1.03185
1.40931
1.16907
0.846977
1.08269
0.934828
0.73555
1.64673
0.922651
1.01103
1.40952
0.835615
0.9569
0.791158
1.02713
1.06823
1.34658
1.31377
1.11841
0.903966
0.838128
1.18313
0.854768
0.846709
0.96396
0.949293
1.37284
0.8312
1.01938
0.898084
0.896746
1.04925
0.747775
0.682273
1.40205
0.681801
0.782011
0.848784
0.923825
0.560922
1.30718
0.811447
0.793041
0.871394
0.652196
1.10848
0.557876
0.500146
1.68271
0.822888
0.881044
0.756028
0.625704
0.945534
0.821177
0.833902
0.724153
1.70014
0.485342
0.733783
0.693066
0.470334
0.669482
0.970343
0.753659
0.641723
0.713361
1.11823
0.913927
0.786237
1.09034
0.807586
0.82048
0.839464
4.27605
0.909876
0.824907
0.957145
0.63379
0.460617
0.772453
0.754531
1.39808
0.618705
0.75852
0.796005
0.720951
0.640278
0.996499
1.14573
0.73666
1.09276
0.749174
0.741672
0.845285
0.918859
0.828121
0.659429
0.676796
0.703146
0.940384
0.703958
0.759247
0.555008
0.447778
0.617789
0.58441
0.584511
0.725249
1.04686
0.643166
0.660123
1.1896
0.724915
0.635595
0.688832
0.688794
1.18668
0.564856
0.510151
0.397345
0.722505
0.682145
0.613514
0.709089
1.18156
0.676575
1.25514
0.836653
0.612527
0.705632
0.641085
0.821052
0.648571
0.462619
0.502722
0.56076
0.689493
0.642402
0.477775
0.663301
0.957473
0.830662
0.628684
0.384989
0.50357
1.38692
0.528601
0.650177
0.363091
0.56172
0.517753
0.504078
0.783027
0.731492
0.785935
0.522759
0.404123
0.77417
0.720198
0.722499
0.945903
0.607968
0.578113
0.754604
0.675606
0.732195
2.9716
0.675541
0.485334
0.680664
0.67736
0.579931
0.651657
0.513427
0.571286
0.619583
0.596688
1.12065
0.450965
0.586572
1.12975
0.955972
0.734415
0.649412
0.431884
0.430537
0.644657
0.83464
0.59535
0.55074
0.552012
1.92187
0.597794
0.604067
0.548382
0.400591
1.34871
0.519898
1.57144
0.511457
0.89543
0.319168
0.567267
0.67508
0.868783
0.450696
0.502388
0.485136
0.771834
0.711427
0.352108
0.562729
0.889638
0.696253
0.558731
0.627451
0.712777
1.13468
0.564948
0.517813
0.566503
0.552467
0.635752
0.964077
0.480527
0.462168
0.63997
0.433215
0.372938
0.566223
1.06603
0.524356
0.553739
0.60341
0.880215
0.558404
0.381481
0.352279
0.421505
1.42957
0.565418
0.624854
0.410864
0.694214
0.666436
0.65801
0.367906
0.435517
0.560285
0.931923
0.522282
0.588624
1.02686
0.528732
0.455363
0.405582
0.500331
0.601128
0.811535
0.615403
0.709064
0.632283
0.362122
0.509451
0.406429
0.438195
0.636014
0.626539
0.550725
0.918087
0.518675
0.576395
0.670049
0.656171
0.622526
0.610874
0.604811
0.588712
0.589573
0.417284
0.514518
0.375626
0.538889
0.717072
0.79918
0.783716
1.23771
0.573072
0.762974
0.539925
0.570997
0.474696
0.561233
0.589243
0.48818
0.34571
0.606033
0.691772
0.569201
0.588108
0.359222
0.447636
0.360131
1.06892
0.684192
0.621399
0.620555
0.61689
0.398635
0.349597
0.576605
0.493673
0.391466
0.647818
0.418531
0.999135
1.01708
0.525804
0.572203
0.474267
0.551871
0.341321
0.473983
0.345426
0.36396
0.50327
0.420456
1.79785
0.371116
0.527767
0.489885
0.310956
0.700686
0.912015
0.975284
1.12611
0.764113
0.865448
1.50774
0.606592
0.67953
1.03462
0.470384
0.784038
0.649596
0.610848
1.02978
9.67738
0.733339
0.709096
1.47514
0.944815
0.762501
0.950679
3.73263
0.729099
1.43489
0.703429
2.03592
0.963737
1.63188
0.69443
0.986763
0.796669
0.621364
0.739331
0.504891
0.591575
0.631489
0.64553
0.607368
0.803718
0.639127
0.73893
0.674901
0.734563
0.838343
0.93727
0.881536
0.768757
0.73324
0.77771
0.920996
3.55822
0.824796
0.656205
1.43076
0.827688
0.739727
0.909701
0.722035
0.656757
0.945695
0.910423
0.839966
0.799694
0.573537
0.442277
0.63724
0.684361
0.67536
1.07347
0.617268
0.770873
1.66661
0.582719
0.769392
0.955986
0.6355
0.703611
0.494687
0.875988
1.02152
0.555103
0.599237
0.699777
0.98606
1.49944
0.510008
1.25206
0.435142
0.580994
0.717973
0.920375
0.941775
1.15697
1.92718
0.868341
0.866421
0.749981
0.789249
0.921506
0.812912
0.716305
1.01125
0.732589
0.682891
0.841938
0.84804
0.720295
0.72156
0.760507
0.735646
4.64662
0.718938
0.691658
0.753638
0.728701
0.844888
0.583693
0.929952
0.885659
2.02009
1.02524
0.906931
4.36557
0.830693
1.25456
1.11609
0.779156
0.845528
0.792228
0.956333
0.740215
0.8997
0.821024
0.770313
1.76337
1.05272
0.822904
0.868823
0.83683
0.817363
0.801481
0.605364
0.73967
3.73369
0.72492
0.493004
0.692946
0.586038
0.767265
1.02577
1.0669
1.14692
0.852625
0.71261
1.26495
0.510814
0.904895
0.611265
0.911453
0.954161
1.52888
0.879069
1.99967
1.48344
1.27969
0.903431
0.850463
0.944567
1.02061
3.02672
3.11821
0.95807
1.81767
0.873141
1.505
0.959125
1.23754
0.828383
0.910161
1.27714
1.01141
0.985409
1.43358
0.690975
0.707757
0.87993
0.761019
0.653001
0.55937
0.620943
0.728521
0.744692
0.91212
0.892876
0.803217
0.850695
0.839587
0.757258
0.888001
0.896443
2.71124
0.808092
0.847435
0.89762
1.2336
0.872392
0.992677
0.790445
0.862723
0.620984
1.37628
0.662355
0.985281
0.767152
0.837201
0.658218
1.2103
0.830727
0.548164
1.21792
0.831383
0.871792
0.927296
0.786407
0.861089
0.890502
0.900949
1.1995
1.18035
1.02631
0.903394
0.934578
0.974318
0.579829
0.857834
0.789218
1.11034
0.992533
0.92192
2.4215
0.817284
0.948497
1.01462
0.818444
0.53777
1.30768
0.930019
0.522319
0.597436
0.887629
0.733829
0.825568
0.655349
0.881329
1.08539
0.828489
0.908311
0.915727
1.16368
1.18189
1.05413
1.21904
1.17586
1.32364
0.709141
0.981416
0.537685
0.562387
0.550783
1.36515
1.05391
1.04591
3.47183
1.38959
1.41821
2.44954
1.74793
0.971818
0.605979
0.973483
0.898889
0.775335
1.26877
1.11529
0.914023
0.849729
0.779361
0.99
2.87182
0.921716
1.07548
0.911361
0.906398
0.926613
1.72738
1.09046
0.612559
1.15153
0.957006
1.44934
0.86332
0.987727
1.03721
1.00787
0.977835
0.962515
1.25878
1.02974
2.269
2.06923
6.99617
0.954004
1.37746
0.908782
0.981644
0.80169
0.931627
0.975528
0.948316
0.700618
0.7767
0.901638
1.22156
0.906909
0.802969
2.23184
1.25295
4.14149
0.850093
1.02426
1.43343
1.73026
0.919899
0.640764
1.25865
1.20091
1.46378
0.989386
0.879605
0.870782
1.07588
0.872935
0.996268
1.0641
0.886007
0.688775
0.946451
0.953382
0.591132
0.805246
0.545576
0.872014
0.551243
0.996395
1.11095
0.830023
1.09546
0.820707
0.903585
3.55925
0.599541
0.926986
0.63654
0.665945
1.05444
3.41517
0.810477
0.731459
0.775935
0.979203
0.905402
0.806739
0.614442
0.809619
0.561155
0.762897
1.70527
0.633197
1.06111
0.897995
0.811222
0.845463
0.766786
1.48441
0.994238
0.850561
0.921392
1.05996
1.9376
1.20726
1.09682
1.19947
1.08187
1.31942
0.793361
1.37479
1.19978
1.03809
1.63191
5.90058
1.29042
0.798338
0.925074
0.954198
1.01163
1.04017
1.6529
0.826337
1.02709
1.52674
1.22661
1.15586
1.99579
1.4436
3.80687
0.874548
0.673391
2.15705
0.686999
1.14837
0.972044
1.98417
1.15373
1.15303
1.27033
1.21662
2.20509
1.05884
1.22794
0.849198
0.798932
1.40988
0.851415
0.970245
0.648051
1.03303
1.17208
1.07971
1.0722
1.06549
1.13511
1.81987
1.04272
1.43207
1.15666
0.909034
1.37998
1.14377
1.06172
1.36924
0.824912
0.834063
0.880497
0.98355
0.882991
0.960678
1.66938
0.536401
0.813261
1.25331
1.0806
0.715859
1.10237
1.13426
1.21048
0.733889
0.830508
1.10211
3.09416
2.04339
0.963644
1.1276
1.01218
1.02221
0.986786
1.08147
1.99503
1.2888
0.506346
1.54026
0.756765
1.18392
3.40502
1.84418
0.810967
0.829935
1.39909
0.645033
0.867807
0.849884
0.571604
4.73338
0.971984
0.913077
0.559163
1.20586
1.97966
1.06182
1.69539
0.883107
0.842065
1.06584
0.876403
0.905987
0.618136
0.889139
1.41875
0.716001
0.83897
1.93568
2.25067
0.532806
6.48757
1.24427
0.840291
0.638351
1.57921
1.065
0.949609
1.65949
0.89789
0.852219
0.713992
0.892515
1.17021
1.44766
0.762832
0.994678
0.950259
0.841693
0.598802
0.972526
0.543613
0.750596
0.975305
1.59935
0.998671
0.660534
1.32016
0.879686
0.854954
4.70007
1.06129
0.567166
0.934963
0.953031
0.955704
2.63502
0.932193
0.693261
1.02282
1.76169
1.33119
0.824316
1.24898
0.819535
4.28843
0.8776
0.711902
1.63278
1.41082
1.52349
0.85204
0.805896
0.850704
1.52908
1.12098
0.968779
0.858678
0.815931
0.581485
1.29071
2.47116
1.27499
0.684188
0.786794
0.687832
1.3197
0.803731
0.799186
0.676337
1.1778
1.16414
1.53684
0.964883
0.937345
0.861966
0.933507
1.62793
1.25697
0.867599
1.45689
0.90532
0.724685
1.22763
1.01387
0.837709
1.35579
0.852144
2.39392
1.21561
1.08114
0.847828
0.519105
0.852497
0.951621
4.42964
1.01248
0.944269
0.872953
0.625388
0.777191
1.54305
1.72459
0.659217
0.772874
1.62433
0.939302
0.891464
0.487701
0.74114
0.954848
1.49648
1.44171
1.52873
0.829981
0.812041
1.32702
0.808618
6.61451
0.928784
0.793852
0.927773
1.22872
1.21235
0.938181
1.53595
0.968235
0.90636
1.34218
0.894943
1.05068
1.11346
0.787792
0.998669
1.25147
1.02042
0.877861
1.26981
0.798303
0.892274
1.06972
1.20992
0.759768
0.775952
0.817119
0.706408
1.00142
0.866397
0.751711
0.818407
0.731412
0.867551
1.90561
4.77971
0.867843
2.28653
1.03114
1.07164
0.983376
0.852863
1.41566
0.961831
0.797151
0.700139
0.789948
1.1433
0.718517
2.9549
0.83722
0.788726
0.707114
0.839883
0.782488
1.19263
0.969278
0.525617
1.42608
1.17946
2.55781
0.799312
1.30472
2.35629
1.40145
0.996819
1.17324
0.944053
1.13011
1.0187
1.24598
0.627117
0.646172
0.951166
0.806138
1.61321
0.814546
0.762621
0.879172
1.11429
0.944829
0.867659
0.792857
0.928287
0.563274
0.879398
0.855441
0.938083
0.583274
0.624305
0.695822
1.91253
1.13961
0.717623
0.765241
0.608498
0.87419
0.892248
0.815902
0.828089
0.781896
2.81935
4.0796
0.858581
0.812615
0.61214
1.30956
0.613712
0.63767
0.898553
0.76836
0.809117
1.07764
0.801115
0.927598
0.829134
1.04694
1.26852
1.19719
0.997113
0.842302
0.897929
0.88689
0.937885
1.27582
3.34404
0.941364
2.33247
0.854238
0.633887
0.904314
1.20054
0.793996
0.701794
0.862296
0.841547
1.15539
0.69732
0.906322
4.58819
1.18677
0.734172
0.935439
0.819049
0.827368
0.48816
0.503183
0.925064
0.504341
0.930846
1.0535
1.00417
0.806461
0.683377
0.655028
0.702789
0.996982
0.859833
1.43462
1.03477
0.914186
1.71243
0.915113
1.16872
1.4338
1.96572
0.955284
0.999598
0.831925
0.947555
0.8332
0.923795
0.874014
0.786351
0.846207
0.924417
0.804277
1.10283
1.10604
1.1345
1.05866
2.2253
1.8135
0.839304
1.88236
0.905908
1.13502
0.965174
0.784275
0.70829
0.516289
0.72651
0.567795
0.60058
0.899376
0.798997
0.756743
1.17694
0.818316
1.90448
0.776587
0.761376
0.846495
0.831526
0.626883
0.494033
0.89159
1.03349
0.745891
0.968045
1.01313
0.799108
2.11083
1.54987
1.02369
0.560973
1.14516
0.797481
0.610913
0.793538
0.497634
0.51915
0.957648
1.29016
0.705674
0.790077
2.12785
0.898532
1.06614
0.681569
0.806076
0.517247
0.513044
0.762467
0.550743
0.560866
0.729221
0.63487
0.994544
0.901993
0.903731
0.757854
1.07504
0.826753
1.79482
0.996545
1.73128
0.756842
0.799796
0.86118
0.909691
0.831311
1.09705
0.771419
0.862158
0.588727
0.782185
0.935152
0.89941
0.858519
2.52049
0.811589
0.761848
0.994951
0.761321
1.43262
0.941606
0.767879
0.461926
0.855213
0.550828
0.642859
0.690379
0.46658
0.927243
0.89466
0.545206
0.63372
1.64764
1.57537
0.599206
1.17811
1.1919
0.718028
0.733052
0.682547
0.522721
0.459236
0.473009
0.684428
3.21811
0.495763
0.763763
0.831163
0.864539
1.09166
1.90899
0.782126
0.610942
0.888798
1.05439
0.75795
0.801239
1.04996
0.982951
0.783374
0.70045
1.00876
0.872829
0.855404
0.835547
0.869385
0.766959
0.922209
0.709918
0.640827
0.692998
0.921933
0.812898
0.750812
0.876469
0.827336
0.792984
0.833259
0.814245
2.15628
0.475095
0.918452
0.454646
0.556161
0.793223
0.831432
0.698678
1.02188
0.478795
0.796764
0.8236
0.803254
1.01958
0.574034
1.07327
1.0463
0.674995
0.71242
0.656667
0.625215
0.483337
0.566009
0.7588
0.664903
0.642491
1.019
0.910599
0.439877
0.594749
0.489318
0.610108
0.815965
3.09021
0.701549
0.830357
0.440355
0.793483
0.678089
0.831845
1.47601
0.391131
0.529043
0.356867
0.375282
0.566228
0.688917
0.495137
0.921905
0.456967
1.90443
0.894583
0.945731
0.798025
0.619924
0.579298
0.562643
0.368781
0.327285
0.593125
0.531387
0.589685
0.417151
0.537683
0.741709
0.822209
0.666965
0.55927
0.333103
0.393755
0.556411
0.675061
1.79303
0.716553
5.2232
0.805947
0.77332
0.800326
0.580163
0.71123
0.811417
0.814642
0.698068
0.60608
0.571601
0.587726
0.471932
0.503457
0.780567
0.705165
0.768055
0.771137
0.383014
0.557582
0.477037
0.661864
0.497921
0.477794
0.393816
0.662199
0.645934
2.38095
0.713926
0.836954
0.688735
0.913416
1.04006
1.27609
0.916378
0.765586
0.87525
0.744557
0.814386
0.634481
0.752197
0.762803
1.0852
0.768267
0.684496
0.53497
0.545816
0.785332
0.526125
0.47371
0.638752
0.476911
0.443949
1.13604
2.88844
0.472546
0.8721
0.878741
0.761224
0.905959
0.861293
0.870427
0.823683
0.762681
0.755932
0.759204
1.39023
0.795318
0.715109
0.90465
4.43471
0.812888
0.852456
0.895688
0.787207
1.37961
0.80328
0.687219
0.626404
1.0344
0.514738
0.577995
0.777651
0.816973
0.753048
0.743849
0.848638
0.532115
0.756983
0.846669
0.966018
2.31206
0.483959
0.829213
0.715121
0.857956
1.02396
0.689494
0.555645
1.70322
0.743865
0.562963
0.866063
0.776681
0.586468
0.706892
0.509223
0.806853
0.80471
0.5061
0.847969
0.498795
0.570034
2.01736
0.803311
0.623763
0.756428
0.628657
0.560154
0.491793
0.771962
1.46969
0.821363
1.07098
0.844349
0.768907
0.825443
0.800766
0.702798
0.683385
0.626636
1.02767
0.870096
0.822556
1.02957
0.862008
0.492358
0.593321
0.493781
0.488932
0.474561
0.734085
0.848582
0.731052
0.799307
1.88037
1.04813
0.53782
0.44187
0.462064
0.506665
0.504193
0.789791
0.54985
0.664847
0.754548
0.713155
0.674016
0.783679
4.21795
0.572206
0.530406
0.645882
0.682433
1.60077
0.899385
0.472358
0.805757
9.77172
1.05401
0.75041
0.86111
0.94617
0.77748
0.689424
0.511875
0.800588
2.59434
1.8256
2.36501
1.25215
3.41507
0.836028
0.734026
0.982041
0.762904
0.756054
0.836448
0.767973
0.855959
0.993506
0.649753
0.736239
0.966962
1.04328
1.00458
0.815267
0.839109
0.668205
0.819602
0.93539
0.543122
0.469801
1.38692
1.12519
1.25234
0.888074
0.52208
1.0046
1.14515
2.51275
0.894748
0.742384
0.751956
1.25345
0.408864
0.446293
0.646935
0.49682
0.693485
0.754813
0.900876
0.672534
0.71707
0.649712
2.20161
0.48286
0.94067
0.768775
0.683248
0.481006
0.740941
0.51579
0.678801
0.657005
0.626731
0.636883
0.448692
0.67167
0.791585
0.460747
0.848351
0.64992
1.04642
0.715585
1.54898
0.731573
0.735046
0.662662
0.999178
0.604048
1.46378
0.438116
1.34597
0.488659
0.690732
0.69586
0.804915
0.758394
2.80796
0.750754
0.824152
0.769477
1.14066
0.811705
0.690497
0.592742
0.733611
1.21578
0.682806
0.758134
0.821076
1.04719
0.907723
0.929323
0.74049
0.872281
0.934032
0.772243
1.82908
1.21822
0.715185
1.5149
0.670249
0.70913
0.708789
0.913148
0.53686
0.854164
0.545094
0.750858
0.86301
1.32177
1.1727
0.85014
0.736613
0.940252
0.448909
1.14173
0.455433
0.750036
0.451694
0.855343
0.76895
0.491389
0.504355
0.507569
0.647504
0.808257
0.655182
1.12564
0.993385
0.634943
0.746607
0.384899
0.460088
0.631668
0.67349
0.590255
0.787369
0.75183
0.678184
0.672516
1.35712
0.555938
0.41304
0.769581
0.852649
0.549493
1.17732
0.611655
0.725045
0.682533
0.603668
0.667579
0.577042
0.517306
0.514852
0.483677
0.611121
0.577959
0.764005
0.948466
0.72766
0.394734
0.436572
0.871066
0.336139
0.404442
0.466682
0.357413
0.524454
0.494584
0.754366
0.482422
0.506819
1.10763
0.456544
0.938162
0.64221
0.473322
0.67038
0.658168
0.631196
0.840474
0.561276
0.524508
0.783477
0.714046
0.660096
0.753746
0.590292
0.638518
0.529886
0.688053
0.594031
0.527094
0.519837
0.322805
0.33798
0.60358
0.600074
0.629001
1.83155
0.437799
0.520953
0.706209
0.539676
0.405231
1.2667
0.687076
3.50704
1.03664
0.626997
0.578704
0.571039
0.680713
0.540433
0.510356
0.569813
0.671273
1.21068
0.530683
0.500983
0.902173
0.794452
0.654485
0.376717
0.66788
0.497967
0.706042
0.724424
0.573429
0.434154
0.884144
0.862565
0.309011
0.809528
0.445758
0.62141
0.685155
0.633356
0.394556
0.394439
1.14695
0.744609
0.544134
0.589028
0.681986
0.609745
0.5992
0.664948
0.566081
0.591606
0.662068
0.648562
0.432812
0.899166
0.865176
0.677854
0.711393
1.05255
0.585872
0.591802
0.689631
0.574369
0.795777
0.548407
0.750171
1.13041
0.732907
0.787649
0.671773
0.716687
0.669343
0.911188
0.719763
0.690039
0.650429
0.871731
0.650278
0.647039
0.356206
0.443518
0.702465
0.588842
0.793777
0.634829
0.480678
0.593395
0.690414
0.769065
0.767686
0.752341
0.453121
0.417367
0.613317
0.370901
0.73034
0.46469
0.3737
0.353289
0.495078
0.394583
0.487817
0.553185
0.913416
0.564098
0.644735
0.650778
0.828691
0.662457
0.838069
0.774644
0.631931
0.607429
0.582768
0.614938
0.63952
0.630216
0.792028
0.96993
0.889409
0.630458
0.594458
0.632303
0.575196
0.41651
0.690511
0.608094
0.693074
0.731383
0.684822
0.53324
0.68925
0.679959
0.74772
0.585
0.636988
0.517159
0.727027
1.45792
0.857094
0.618881
0.784114
0.697756
0.604887
0.437117
0.456231
0.446654
0.385366
0.622508
0.504753
0.416009
0.5872
0.62853
0.834995
0.42928
0.471616
0.721673
0.399835
0.425805
0.404371
0.385653
0.666855
0.614957
0.419345
0.373435
0.367035
0.435768
0.690878
0.469114
1.07498
0.323191
0.57049
0.374862
0.565861
0.701947
0.534081
0.368941
0.623441
0.778313
0.659375
0.613153
0.597335
0.364691
0.366577
0.453347
0.942844
0.880352
0.459303
1.20925
0.459746
0.449085
0.656717
0.494897
0.840561
0.672549
0.507814
0.473195
0.480707
0.783943
0.686908
0.740797
0.478779
0.477272
0.899673
0.923195
0.790075
0.788187
0.812382
0.837447
0.728553
0.999813
1.02017
0.802392
0.748073
0.797527
0.651147
0.579913
1.2191
0.444698
0.9658
1.48742
0.598538
2.11881
0.533774
0.757308
0.519441
0.526748
0.738142
0.876096
1.16093
0.76849
0.664378
0.692372
0.802802
0.786677
0.809314
0.528447
0.50593
0.476144
0.915109
0.546591
0.640188
0.765604
0.885766
0.74948
0.893457
1.31652
0.804989
0.643874
0.483446
0.571383
0.934144
1.13158
0.741818
0.795667
0.711285
0.819107
0.747849
1.18925
0.750485
0.674935
0.69768
0.715725
1.58673
0.694457
0.836492
0.797002
0.719804
0.764761
0.707272
1.0948
0.481347
0.496456
0.767762
1.05741
0.512042
0.769076
0.947185
0.841737
0.536938
0.839009
0.506048
0.84494
0.593505
0.921542
0.729857
2.14859
0.997963
0.773894
0.567924
0.687539
0.744655
0.49855
0.678485
0.690776
0.682034
0.50083
0.833619
0.813197
0.74581
0.429148
0.886572
0.864693
1.14802
0.692635
1.62871
0.883513
0.809678
0.549291
0.738886
0.674331
0.721649
0.598788
0.695234
0.504402
0.649439
0.450525
0.415712
0.576485
0.750115
0.921699
0.756479
0.583587
0.583405
0.366635
0.577314
0.580718
0.392739
0.416553
0.387209
0.404478
0.375854
0.390595
0.36802
0.923427
1.46621
0.937149
0.60617
0.671511
0.470256
0.603336
0.547381
0.67913
0.494757
0.635157
0.64564
1.11516
0.812071
0.68838
0.708841
0.845919
0.614863
0.714713
0.719618
0.690675
0.718339
0.55477
1.23221
1.85572
0.743784
2.6043
0.800485
0.766605
0.625777
0.547866
0.546539
0.998185
0.523812
0.64175
0.587745
0.452503
0.744648
0.649853
0.918673
0.545907
0.659539
0.517872
1.07521
0.838913
0.560412
0.766157
1.04257
0.797195
0.917013
0.47241
0.627915
0.442158
0.50225
1.13713
0.751368
0.650993
0.485992
0.696986
0.943314
0.485845
1.04499
1.0306
0.874562
0.985904
0.660607
0.535216
0.645206
0.603448
0.732105
0.617882
0.595636
0.658038
0.705463
0.578845
0.693686
0.644652
1.00869
0.623756
0.582987
0.554267
0.593289
1.01891
0.492429
0.419693
1.04884
0.784117
0.56538
0.613122
0.624903
0.568746
0.441286
0.573511
0.646343
0.516741
0.469272
0.39765
0.964672
0.65839
0.737942
0.474612
0.535012
0.437898
0.676485
0.692592
0.473588
0.568522
0.635575
1.11053
0.685366
0.497012
0.506216
0.772181
0.553061
0.625878
0.426745
0.380341
0.841731
0.708778
0.410732
0.957686
1.02864
0.766936
1.03204
1.21741
1.60661
0.444082
0.832935
0.684349
0.683575
0.459966
0.54382
0.649609
0.410876
0.674642
0.644482
0.47363
0.450688
0.749688
0.675896
0.698777
0.833115
0.667444
0.626575
0.452497
0.681737
0.699938
0.3997
1.23311
0.543401
0.763276
0.569553
1.13378
0.450824
0.741389
0.441976
0.755087
0.699415
0.688331
0.50769
0.553244
0.845134
0.65082
0.697158
0.671103
0.951308
0.689478
0.595795
0.592925
1.26991
0.787305
0.615967
0.626026
0.676658
0.421085
0.608058
0.679154
1.57312
1.37403
1.00554
0.470296
0.982907
0.731773
0.446649
0.690549
0.517009
0.856924
0.926741
0.79483
0.81817
0.737372
0.78529
0.710605
0.657354
0.566483
0.704475
0.469046
0.71368
0.730588
0.67715
0.80374
0.756958
0.441353
0.872946
0.859989
0.743095
0.776689
0.831323
0.703422
0.608838
0.567172
0.532308
0.694834
0.692252
1.02115
1.32161
0.723139
1.1558
0.877566
0.693832
0.822501
1.08878
0.799725
0.792824
1.12548
0.527294
1.4245
0.496405
1.14263
0.807471
0.558594
0.446503
0.638493
0.677019
0.975738
0.515174
0.922489
0.858646
0.766078
1.14162
1.42206
0.847603
0.736096
0.814796
0.74273
0.543488
0.658049
0.806446
0.679113
0.614754
0.720294
0.70338
0.709755
0.678835
0.678683
0.701385
0.738723
0.724651
0.806508
0.821924
0.438945
0.682496
3.02314
0.943373
2.60607
0.675354
0.846202
0.859541
1.18113
0.912083
0.45491
0.883894
0.462529
0.725283
0.76707
0.878983
0.752243
1.70413
0.973877
0.784876
0.854321
0.775773
0.698061
0.891132
0.656834
3.40137
0.791603
0.606506
2.14427
0.616073
1.07728
0.723061
0.955166
0.763913
0.639051
0.719604
0.569178
0.722478
0.628881
0.505264
0.898724
0.839241
0.70152
0.451636
0.618908
0.732525
0.604947
0.873281
0.659542
0.617561
0.593998
0.734808
0.878385
0.593771
0.846063
2.75103
0.713177
2.502
0.814301
0.70096
0.744616
0.670546
0.681116
0.69714
0.685127
0.674418
0.713357
0.597355
0.559437
0.790231
0.57301
0.945043
0.532999
0.735213
1.52869
1.0959
1.01898
0.775705
0.760408
0.77885
0.451945
0.805761
0.638854
0.717554
2.58703
0.693569
2.92038
0.640258
0.654299
0.628575
0.779414
1.45493
1.26465
0.741702
0.657759
0.402124
0.396722
0.546145
0.80019
0.504408
0.450548
0.431948
1.12273
0.816482
0.838244
0.794794
1.08827
4.2758
3.70044
0.784383
0.60854
0.627978
0.558543
0.794479
0.51255
0.749064
0.779761
0.741755
0.653652
0.533883
0.671341
0.539414
3.56276
0.746827
0.444954
0.434691
0.951086
1.01368
0.770529
0.6721
2.70683
0.801352
6.70282
0.804066
0.967591
0.902252
0.758339
0.777062
0.839479
0.666407
0.74589
0.760385
1.06909
0.747419
0.837748
0.735684
0.989242
0.651753
0.758184
0.778521
0.819886
0.62381
0.497691
0.856679
0.979198
0.429241
0.569292
0.828921
1.57909
0.811506
0.740804
3.25772
3.52117
1.06356
0.760666
0.852486
1.17825
1.24147
1.00676
0.917201
0.928003
0.899092
1.25109
0.843358
1.13241
0.853163
0.885743
0.64444
1.04456
0.865955
1.36764
4.73924
1.11914
0.78941
0.87595
0.504224
1.01342
0.619104
0.762678
0.751846
0.576133
0.801953
0.567948
2.32472
0.506091
0.612221
3.14903
0.995188
0.848031
0.660856
0.807556
0.544082
0.505597
0.47207
0.824933
0.71348
0.732533
0.792097
0.812221
0.798796
0.923699
0.500326
0.479201
0.96764
1.2909
0.556538
0.501027
1.25574
1.34722
0.75062
2.38639
1.2174
0.732176
3.89606
0.949769
0.622325
0.821323
0.524689
0.723068
0.854264
0.619013
3.09465
0.944903
0.840481
0.885403
0.943693
0.976304
0.888619
0.67989
0.76906
0.939389
0.968499
0.923326
0.910073
0.97455
0.862712
0.559891
1.84426
0.872596
0.77762
