10.4586
12.5249
14.296
19.4816
31.9012
27.5673
38.907
38.2766
44.5564
51.2892
49.7099
30.2704
32.8681
24.5939
23.6587
32.2743
50.0985
55.3395
83.6965
65.9273
86.3355
99.563
95.4159
120.954
109.411
109.819
122.506
116.081
130.489
137.541
94.748
88.1654
116.97
113.314
114.138
118.397
121.85
103.489
101.431
107.078
109.669
112.211
110.166
116.18
114.257
117.653
110.42
114.451
110.339
122.945
88.0615
62.8763
28.6832
29.0708
36.4839
29.4082
47.3399
43.0277
41.7355
49.3938
50.3662
57.9229
60.1815
68.2299
70.3875
71.9056
73.1128
70.6089
88.5509
92.4304
114.173
114.682
119.868
113.133
109.483
112.947
117.249
109.678
112.469
103.612
98.4549
122.043
101.372
97.9515
80.7137
70.2408
62.6653
59.5448
70.6678
82.3079
70.1022
67.3397
55.9468
66.6911
72.6694
71.2624
73.8247
84.1191
83.5375
76.8094
90.6508
97.1623
117.12
115.538
120.216
109.802
133.766
116.794
122.989
116.824
120.951
119.882
128.668
103.482
118.683
114.347
134.045
130.532
113.351
126.933
121.935
114.824
113.53
54.5569
20.9254
23.9316
22.9054
30.5533
30.4339
34.6081
26.085
36.6681
44.5607
48.0106
49.5978
52.6231
58.684
69.086
67.9058
72.6389
81.2217
95.5327
88.7609
99.4642
110.974
88.3831
87.8079
88.5734
96.7276
103.033
90.5647
94.4308
95.0599
108.415
90.7361
101.235
104.298
104.949
118.764
114.367
118.508
110.967
119.351
122.79
116.905
106.926
111.528
111.771
110.326
117.021
118.332
116.785
119.957
117.966
111.452
122.364
120.641
131.452
122.173
34.6379
17.2314
15.3235
16.3322
20.2811
26.8405
17.9095
23.4028
27.0916
30.4918
33.9277
40.3083
123.012
138.665
118.393
119.815
122.635
115.477
123.292
117.963
115.16
127.05
118.251
115.497
116.453
125.128
124.3
124.353
122.304
119.061
77.1766
87.8563
126.21
125.804
131.386
130.211
120.68
112.007
107.06
138.934
124.803
125.147
113.949
118.387
123.722
112.154
36.1684
92.5978
128.298
123.766
116.839
129.154
118.867
127.61
120.249
104.08
129.806
119.971
107.236
112.245
109.507
105.301
123.242
118.867
113.382
132.086
119.442
128.846
129.38
125.666
126.017
118.982
114.062
117.411
116.243
118.921
124.727
122.793
109.317
122.59
124.572
120.38
172.522
116.026
110.241
112.401
131.359
131.52
109.268
105.658
117.292
115.598
115.812
119.281
114.69
111.363
121.54
116.188
131.106
118.506
131.834
130.191
109.892
