1403715523912143104.000000 0.000000000 0.000000000 0.000000000 -0.000000000 -0.000000000 -0.000000000 1.000000000
1403715528412143104.000000 -0.000197422 -0.016800199 -0.000164355 -0.006095620 0.000004190 -0.000085777 0.999981403
1403715528462142976.000000 -0.003007113 -0.025814766 0.000830171 -0.011311497 0.000299313 0.000834575 0.999935627
1403715528512143104.000000 -0.010338498 -0.045546662 0.000564284 -0.015199768 0.000607347 0.002298285 0.999881685
1403715528562142976.000000 -0.022104256 -0.082237974 0.000002814 -0.016250137 0.000739842 0.004289388 0.999858499
1403715528612143360.000000 -0.036312997 -0.133693382 -0.000519458 -0.014587545 0.000977167 0.005834791 0.999876142
1403715528662142976.000000 -0.053820837 -0.197907999 0.000108708 -0.012279261 0.001363681 0.007673513 0.999894261
1403715528712143104.000000 -0.074895494 -0.270449311 -0.000814441 -0.010013508 0.002338132 0.009041437 0.999906242
1403715528762143232.000000 -0.098345041 -0.350845814 -0.001654220 -0.008159450 0.002898312 0.010232405 0.999910176
1403715528812143104.000000 -0.122369491 -0.439118832 -0.005416190 -0.006859915 0.003630585 0.010322422 0.999916613
1403715528862142976.000000 -0.147693262 -0.531669080 -0.009616205 -0.004394047 0.004249583 0.009957759 0.999931753
1403715528912143104.000000 -0.177054971 -0.627480567 -0.015146173 -0.003368254 0.005054673 0.010087118 0.999930680
1403715529012143104.000000 -0.243597478 -0.813051879 -0.030665645 -0.004067458 0.005344592 0.007895821 0.999946296
1403715529062142976.000000 -0.288448393 -0.907426357 -0.041760404 -0.005807962 0.002752908 0.008015672 0.999947250
1403715529112143360.000000 -0.338727355 -1.022460818 -0.061224818 -0.005703669 -0.002122238 0.008273246 0.999947250
1403715529212143104.000000 -0.446908116 -1.293444753 -0.114992514 -0.007845071 -0.016128702 0.004754653 0.999827862
1403715529262143232.000000 -0.503633201 -1.444013953 -0.149959520 -0.010388919 -0.024547255 0.002005840 0.999642730
1403715529312143104.000000 -0.564930737 -1.595033646 -0.179488420 -0.013458782 -0.033323649 -0.001384190 0.999353051
1403715529512143104.000000 -0.826928198 -2.084380388 -0.205714390 -0.015041823 -0.067624219 -0.018958446 0.997417331
1403715529712143104.000000 -1.125798702 -2.411320210 -0.070290513 -0.008901492 -0.086818211 -0.029632639 0.995743573
1403715529812143104.000000 -1.301285267 -2.573211193 0.010802921 -0.007127539 -0.093161255 -0.032163192 0.995105863
1403715529912143104.000000 -1.492691755 -2.715599775 0.096367270 -0.003194721 -0.097956210 -0.031844039 0.994675994
1403715530062142976.000000 -1.780061603 -3.112224340 0.205489084 0.008133039 -0.100725591 -0.034474801 0.994283497
1403715530562142976.000000 -3.205334663 -5.153019428 -0.094320282 -0.000547645 -0.108414724 -0.040778689 0.993268907
1403715531362142976.000000 -6.684473515 -7.677382946 -0.530971825 -0.030922361 -0.189894944 -0.028854681 0.980893016
1403715531512143104.000000 -7.322299957 -8.156708717 -0.313631326 -0.012951039 -0.193953365 -0.024630960 0.980615973
1403715531712143104.000000 -8.008033752 -8.499785423 0.150452852 -0.012019187 -0.196091816 -0.024571519 0.980203986
1403715532062142976.000000 -8.893277168 -8.770915031 1.056560040 0.022801938 -0.182092726 -0.045468770 0.981964827
1403715532262143232.000000 -9.298115730 -8.934040070 1.422971129 0.026441479 -0.182492360 -0.048245970 0.981666803
1403715532462142976.000000 -9.656832695 -8.966768265 1.613977909 0.015897881 -0.195881799 -0.037776764 0.979770660
1403715532612143360.000000 -9.836627007 -8.939305305 1.704807401 0.011842987 -0.206650317 -0.020380044 0.978130937
1403715532812143104.000000 -9.880546570 -8.894217491 1.804663420 0.016141137 -0.217832759 0.005114795 0.975839198
1403715534412143104.000000 2.507607698 -8.851641655 1.201552033 -0.008480716 -0.049745239 -0.002130262 0.998723686
1403715534862142976.000000 7.468615055 -7.665860653 1.565258980 -0.027415887 0.028915945 0.021071231 0.998983622
1403715535062142976.000000 9.434144974 -7.199424744 1.959651232 -0.044539552 0.084412053 0.036204778 0.994776428
1403715535312143104.000000 11.739820480 -6.767209053 2.704933167 -0.071434446 0.119659513 0.055063460 0.988709629
1403715535612143360.000000 14.485928535 -6.676002026 4.163049698 -0.039186731 0.122654825 0.089582935 0.987620950
1403715536212143104.000000 19.958902359 -6.668031693 7.891469002 -0.051454235 0.052539274 0.014408665 0.997188330
1403715536362142976.000000 21.166938782 -6.820958138 8.995213509 -0.053080719 0.041078720 -0.004142339 0.997736335
1403715536562142976.000000 22.504232407 -7.210553646 10.645131111 -0.033642463 0.038811680 -0.036705043 0.998005331
1403715536662142976.000000 23.010320663 -7.446365833 11.509807587 -0.020555694 0.038724892 -0.044595495 0.998042643
1403715536862142976.000000 23.672872543 -8.049068451 13.231304169 0.022556733 0.032805312 -0.050666451 0.997921824
1403715536962142976.000000 23.827789307 -8.322969437 14.013035774 0.043782417 0.033979878 -0.064510889 0.996376872
1403715537062142976.000000 23.880392075 -8.632251740 14.711409569 0.065716326 0.035988748 -0.076069035 0.994283497
1403715537162142976.000000 23.746501923 -8.946737289 15.272923470 0.094825253 0.038167149 -0.082882091 0.991303205
1403715537262143232.000000 23.401906967 -9.227597237 15.642906189 0.121302143 0.038709078 -0.080078863 0.988622665
1403715537412143104.000000 22.627264023 -9.582948685 15.806321144 0.117064826 0.022418538 -0.034686990 0.992265105
1403715537512143104.000000 22.017147064 -9.710256577 15.665039062 0.079943322 0.011153558 -0.002482120 0.996733963
1403715537662142976.000000 21.035240173 -9.838750839 15.239315033 0.024018727 0.004205884 0.026417850 0.999353528
1403715537962142976.000000 19.275175095 -10.132524490 14.042182922 0.045176249 0.008912030 0.038571745 0.998194337
1403715538162142976.000000 18.278320312 -10.097200394 12.972454071 0.022293849 0.011211728 0.052146308 0.998327613
1403715538312143104.000000 17.621276855 -9.910168648 12.148056984 0.013457643 0.030213026 0.062419910 0.997501791
1403715538462142976.000000 17.055324554 -9.600426674 11.357489586 0.030110443 0.064460419 0.061318588 0.995579362
1403715539762143232.000000 13.235845566 -3.420387745 1.901611328 -0.015450492 0.438907862 0.195695505 0.876826346
1403715540012143104.000000 12.674203873 -3.062544823 0.004722595 -0.032282606 0.432536334 0.205681741 0.877248704
1403715540212143104.000000 12.553170204 -3.051857948 -1.562952995 -0.052360199 0.411562085 0.234978318 0.879010975
1403715540662142976.000000 13.726825714 -3.063697815 -4.605998516 -0.087400630 0.416067630 0.204601437 0.881695569
1403715541062142976.000000 16.386989594 -3.036437035 -6.273311138 -0.054652102 0.426662534 0.212876141 0.877300382
1403715541262143232.000000 18.195070267 -3.029016495 -6.867873192 -0.033060577 0.424931079 0.220033377 0.877454221
1403715541912143104.000000 25.278320312 -2.579318047 -8.382848740 -0.071355686 0.454995543 0.141386256 0.876297534
1403715542162142976.000000 27.966709137 -2.668188095 -8.212054253 -0.058076438 0.441458672 0.090378501 0.890827179
1403715542412143104.000000 29.988376617 -3.200598478 -7.365567207 -0.000322636 0.386148512 0.082865074 0.918707013
1403715542762143232.000000 31.590198517 -3.862326145 -6.178240776 0.026099637 0.312626690 0.099798642 0.944258273
1403715543912143104.000000 33.239086151 -2.755382538 -5.329401016 0.037251834 0.348879755 0.069558419 0.933839858
1403715544262143232.000000 32.049301147 -1.563330889 -5.971596241 0.003441648 0.453552425 0.126591936 0.882186472
1403715544412143104.000000 31.275043488 -0.716535568 -6.149551868 -0.000343171 0.506679356 0.173313558 0.844534397
1403715544712143104.000000 29.404361725 0.781713009 -6.373677254 0.000686190 0.589626014 0.214010015 0.778807044
1403715544962142976.000000 27.629173279 1.027340412 -7.007672310 0.006489281 0.606537402 0.206076607 0.767855942
1403715545162142976.000000 25.971652985 0.825466156 -7.570520401 -0.010086809 0.613777578 0.216887966 0.759035528
1403715545312143104.000000 24.706508636 0.826362133 -7.910602570 -0.017880399 0.629083037 0.228072748 0.742911696
1403715545462142976.000000 23.427970886 0.919127464 -8.182703972 -0.007526996 0.639453113 0.248404101 0.727556527
1403715545662142976.000000 21.781919479 0.943107128 -8.662975311 0.013884646 0.641624510 0.277101278 0.715080440
1403715545812143104.000000 20.515148163 0.974172115 -9.145214081 0.012695676 0.638643503 0.277524084 0.717602730
1403715545962142976.000000 19.285182953 1.084336758 -9.738306999 0.001027420 0.627602637 0.258412331 0.734395623
1403715546112143360.000000 18.043912888 1.207536936 -10.389826775 -0.010801925 0.600127101 0.231893137 0.765477955
1403715546312143104.000000 16.409168243 1.306189895 -11.253440857 -0.013203222 0.534429669 0.205400720 0.819769025
1403715546512143104.000000 14.756720543 1.317358375 -12.158807755 -0.014775653 0.452863514 0.180643767 0.872962832
1403715546812143104.000000 12.337687492 1.371952415 -13.469122887 -0.048333030 0.317330480 0.137851834 0.936996400
1403715547112143360.000000 10.258240700 1.304378271 -14.444555283 -0.069146238 0.189162582 0.080539986 0.976191401
1403715547512143104.000000 7.665536404 0.909624457 -14.659481049 -0.078476220 0.040105302 0.006974911 0.996084571
1403715547912143104.000000 5.213709354 0.297244042 -13.126947403 -0.075776227 -0.106016278 -0.056464948 0.989863753
1403715548362142976.000000 1.653906584 -1.189845204 -10.100677490 0.000354189 -0.173429340 -0.074832536 0.981999099
1403715548712143104.000000 -1.507104874 -1.689827800 -7.505225182 -0.002658419 -0.166342750 -0.058623038 0.984320283
1403715549262143232.000000 -6.626884460 -2.566529512 -3.802753925 0.028861726 -0.185662076 -0.050659824 0.980882347
1403715549512143104.000000 -8.767755508 -2.861566305 -2.490375280 0.030515835 -0.211788550 -0.028158464 0.976433039
1403715549812143104.000000 -10.774301529 -3.171958923 -1.106818914 -0.003272023 -0.204474524 0.008032803 0.978833497
1403715550062142976.000000 -11.686028481 -3.559404135 0.155751646 -0.011971390 -0.146411121 0.062591299 0.987169087
1403715550362142976.000000 -11.533245087 -4.341895580 1.746901393 -0.022549612 -0.027842915 0.073948547 0.996618271
1403715550612143360.000000 -10.604104042 -5.399939060 2.975332737 -0.016428312 0.071701951 0.083905317 0.993754983
1403715550912143104.000000 -9.173375130 -6.108864307 4.660364628 -0.010088613 0.172967926 0.156358078 0.972384989
1403715551412143104.000000 -5.003085136 -6.850936413 6.620453835 0.007740516 0.348284274 0.226127312 0.909672797
1403715551912143104.000000 0.978470325 -7.316336632 6.448707581 0.051552862 0.536777258 0.225124583 0.811499476
1403715552362142976.000000 5.284698963 -7.090810776 4.739110470 0.044159472 0.684615791 0.209808290 0.696657598
1403715552712143104.000000 6.975505829 -6.818264008 3.029522419 0.057139203 0.784398973 0.236201555 0.570668221
1403715552962142976.000000 7.014982700 -6.541338444 1.868436813 0.066659704 0.838911891 0.284950078 0.458897322
1403715553212143104.000000 6.189068317 -6.058807850 0.627714157 0.076506421 0.879936516 0.317552209 0.344991595
1403715553412143104.000000 4.894968510 -5.563444138 -0.509145498 0.075152539 0.918228209 0.292663187 0.256041706
1403715554262143232.000000 -4.457514286 -4.078686714 -2.120378256 -0.040682625 0.905435085 0.409864187 0.102681972
1403715554362142976.000000 -5.475878716 -3.899897099 -2.308057070 -0.060180768 0.899878919 0.418744087 0.106064022
1403715554462142976.000000 -6.413141727 -3.623258114 -2.549240351 -0.111889206 0.904737413 0.393518180 0.118635684
1403715554562142976.000000 -7.227816582 -3.258627653 -2.838021517 -0.181779474 0.910493910 0.345180571 0.137140587
1403715554662142976.000000 -7.824783325 -2.824762106 -3.112760782 -0.241207555 0.911146164 0.298451811 0.150193930
1403715554762143232.000000 -8.112228394 -2.399415493 -3.284442186 -0.275813907 0.909952879 0.267318755 0.156374857
1403715554962142976.000000 -7.374904633 -1.920793056 -3.181768656 -0.269472182 0.922178566 0.226851016 0.159718782
1403715555762143232.000000 1.951640844 -4.380048752 0.769155741 0.035834186 0.926035643 0.347256958 0.143479973
1403715556412143104.000000 3.630971432 -7.185979366 0.805936813 0.074207090 0.916856110 0.356402785 0.163845107
1403715556712143104.000000 2.496977806 -7.460071564 0.197872400 -0.010007537 0.916915178 0.357478142 0.177132100
1403715556912143104.000000 1.592893362 -7.103034496 -0.265495062 -0.044943761 0.916240573 0.352867812 0.184303105
1403715557162142976.000000 0.691650152 -6.609097004 -0.936008453 -0.042815682 0.903735280 0.383902282 0.184522003
1403715557312143104.000000 0.292988837 -6.306365490 -1.526001811 -0.035735887 0.894261479 0.407420129 0.181736723
1403715557612143360.000000 -0.225213289 -5.359944820 -3.387290955 -0.041472681 0.909422338 0.373983115 0.177109435
1403715558512143104.000000 0.130257607 -3.610270023 -11.050422668 -0.051547088 0.934797287 0.317080081 0.151516080
1403715558812143104.000000 0.746190071 -2.867391586 -13.206888199 -0.031392749 0.943909168 0.287017167 0.160222203
1403715559012143104.000000 1.189022064 -2.369351864 -14.124314308 -0.051092189 0.939539492 0.278910339 0.192000464
1403715559262143232.000000 1.709749222 -2.089992046 -14.798742294 -0.054936476 0.927671075 0.268905520 0.253176212
1403715559662142976.000000 2.717529297 -1.850224495 -14.615655899 -0.056257926 0.887151659 0.307554930 0.339421570
1403715559912143104.000000 3.505849838 -1.365274906 -14.037451744 -0.068738051 0.870097756 0.306708276 0.379651189
1403715560112143360.000000 4.338829994 -1.056269169 -13.398982048 -0.083345979 0.851484418 0.298376381 0.423083037
1403715560362142976.000000 5.739613533 -1.186375141 -12.474775314 -0.058892280 0.820146263 0.305493742 0.480172247
1403715560662142976.000000 7.717490196 -1.555430889 -11.374921799 -0.048208192 0.781672657 0.296235323 0.546725214
1403715561012143104.000000 10.259092331 -2.038393021 -9.936747551 -0.059300601 0.727078795 0.263793766 0.631072760
1403715561362142976.000000 13.045541763 -2.633344173 -8.247016907 -0.026849117 0.655666351 0.268409163 0.705221474
1403715561712143104.000000 15.933871269 -3.099146843 -6.779026985 -0.022619745 0.614650190 0.225745335 0.755468488
1403715562062142976.000000 18.522045135 -3.677513123 -5.345660210 0.009387642 0.562305272 0.164140120 0.810421288
1403715562412143104.000000 19.978769302 -4.371130943 -3.926212311 -0.009344023 0.543004990 0.126394153 0.830110133
1403715562762143232.000000 20.105022430 -5.241316795 -1.946405411 -0.036169536 0.503145456 0.145723000 0.851058900
1403715563112143360.000000 19.593105316 -6.355098248 0.614719868 -0.009599356 0.436677486 0.167237908 0.883884728
1403715563512143104.000000 18.662517548 -7.466971874 3.308272123 0.024917359 0.301599979 0.085724734 0.949245930
1403715563912143104.000000 16.722965240 -7.488933563 5.572754860 0.049825884 0.147314012 0.024499295 0.987530172
1403715564312143104.000000 14.002599716 -6.473796368 6.879584789 0.047113065 -0.045804121 0.023439091 0.997563481
1403715565412143104.000000 9.038948059 -8.013145447 4.022119522 0.045912277 -0.517100334 -0.162250057 0.839150906
1403715565712143104.000000 8.149961472 -8.287220001 2.819275618 0.057018369 -0.626590669 -0.179863811 0.756162703
1403715565962142976.000000 8.052573204 -8.504175186 1.645425320 0.049369261 -0.722508669 -0.222606242 0.652679443
1403715566162142976.000000 8.283175468 -8.592058182 0.686346054 0.050336935 -0.793509841 -0.248424560 0.553257346
1403715566412143104.000000 8.916048050 -8.728061676 -0.196990013 0.052536260 -0.862018466 -0.272778660 0.423976362
1403715566712143104.000000 10.040586472 -8.573013306 -0.895550728 0.057335213 -0.916172147 -0.284622639 0.276281089
1403715566812143104.000000 10.502277374 -8.446114540 -1.008488655 0.056343667 -0.929027796 -0.290512204 0.222115859
1403715566912143104.000000 11.037664413 -8.356407166 -1.057044983 0.052733257 -0.940778792 -0.292452425 0.163175195
1403715567062142976.000000 11.906852722 -8.338228226 -1.029170990 0.044202670 -0.950451553 -0.300585002 0.065853752
1403715567162142976.000000 12.513744354 -8.288640022 -0.885777712 -0.033112276 0.951665521 0.305306941 0.004898856
1403715567262143232.000000 13.139416695 -8.238053322 -0.721707940 -0.027026415 0.945956767 0.313744515 0.077458009
1403715567312143104.000000 13.488981247 -8.252269745 -0.602091789 -0.026001515 0.940890491 0.317971736 0.113767311
1403715567562142976.000000 15.042630196 -8.002103806 0.129285812 -0.042247120 0.898756862 0.324508190 0.291797549
1403715568112143360.000000 18.130458832 -6.830818653 2.434703827 -0.031558186 0.755516112 0.243077308 0.607546568
1403715568562142976.000000 19.799594879 -6.503411770 4.892671585 -0.008759646 0.585036159 0.179423168 0.790862381
1403715568862142976.000000 20.160333633 -6.773553848 6.561939240 -0.008591005 0.452953875 0.136954471 0.880910039
1403715569412143104.000000 19.580595016 -7.437748909 9.716772079 0.012280321 0.250748515 0.085080445 0.964228034
1403715569862142976.000000 18.203271866 -7.991882801 11.629087448 0.018424146 0.118721060 0.031524930 0.992256045
1403715570162142976.000000 16.760246277 -8.249677658 12.351050377 0.036640394 -0.003691948 -0.008150159 0.999288499
1403715570762143232.000000 13.362436295 -7.991651535 11.858165741 0.050894201 -0.291291863 -0.102783941 0.949733853
1403715571062142976.000000 11.794317245 -7.249878407 10.719326973 0.035004586 -0.425016403 -0.146364391 0.892587900
1403715571462142976.000000 10.100818634 -6.330419540 8.946676254 0.055610262 -0.486964792 -0.146696344 0.859216511
1403715571812143104.000000 9.191093445 -5.280237198 7.413334846 -0.073074706 -0.502273381 -0.113059536 0.854165733
1403715572112143360.000000 8.457468987 -4.433579445 7.298445225 -0.144953802 -0.484244466 -0.141232774 0.851204455
1403715572362142976.000000 7.271557808 -4.311097622 8.440416336 -0.027071530 -0.490724951 -0.217664704 0.843254566
1403715572662142976.000000 5.169565201 -4.338789463 9.694868088 0.060810439 -0.558546364 -0.227834508 0.795248091
1403715573012143104.000000 2.811277390 -4.259366512 9.899580002 0.048387621 -0.648033559 -0.241379559 0.720726728
1403715573312143104.000000 1.054398537 -4.650150299 9.355346680 0.033150099 -0.723655105 -0.247549817 0.643384397
1403715573562142976.000000 -0.134915352 -5.016430855 8.820413589 0.002856587 -0.776795328 -0.259947419 0.573592365
1403715573862142976.000000 -1.650223732 -5.356305122 8.360719681 0.013505092 -0.814046085 -0.315069318 0.487727284
1403715574112143360.000000 -3.006564140 -5.639739990 7.800403118 0.007325420 -0.847606719 -0.353412539 0.395738274
1403715574312143104.000000 -4.270464897 -5.765251160 7.243027210 0.029662935 -0.884052634 -0.348008871 0.310581505
1403715574612143360.000000 -6.212924957 -5.831587315 6.054436207 0.086696818 -0.904990137 -0.349240690 0.226952717
1403715574912143104.000000 -7.394283295 -5.604618073 4.448472500 0.061379880 -0.914358735 -0.355918586 0.183037162
1403715575212143104.000000 -8.118025780 -5.378225327 2.449690104 0.057545446 -0.933078229 -0.306889743 0.178527951
1403715575512143104.000000 -8.328871727 -5.149293423 0.701261044 0.066961631 -0.924924970 -0.316120446 0.200244322
1403715575862142976.000000 -7.685053825 -5.019146919 -1.209758759 0.117559046 -0.915428042 -0.313635439 0.223168492
1403715576162142976.000000 -5.970586777 -4.815777779 -2.925943375 0.061914243 -0.919328511 -0.313160986 0.230069637
1403715576462142976.000000 -3.821428776 -4.635404110 -4.535275459 0.056338176 -0.930418670 -0.283131212 0.225796029
1403715577012143104.000000 1.238379002 -4.838522911 -6.090603828 0.053908262 -0.915251434 -0.296757340 0.267102629
1403715577312143104.000000 4.446840286 -4.958997250 -6.292990208 0.015383729 -0.905728519 -0.295211285 0.303759009
1403715577612143360.000000 7.517493248 -4.337391376 -5.964918137 0.026909448 -0.900014579 -0.297250956 0.317634404
1403715577912143104.000000 10.477898598 -4.228231430 -5.568308830 0.000667299 -0.898522913 -0.292132288 0.327589631
1403715578262143232.000000 13.407409668 -3.444289684 -4.457756042 -0.066400245 -0.864691496 -0.297199577 0.399464726
1403715578612143360.000000 14.873440742 -2.720738888 -2.622314453 -0.031158807 -0.796362936 -0.328477472 0.506890416
1403715578962142976.000000 14.905420303 -1.839635849 -1.163082123 -0.020115985 -0.747043848 -0.372541875 0.550212085
1403715579112143360.000000 14.342250824 -1.547348499 -0.979442596 0.038641822 -0.750624835 -0.359315783 0.553137720
1403715579462142976.000000 13.080055237 -0.988089085 -2.102679253 0.108337037 -0.757427037 -0.331328481 0.552076936
1403715579762143232.000000 12.504492760 -0.110802650 -4.465589523 0.067992672 -0.771647632 -0.311362267 0.550445676
1403715580062142976.000000 12.265991211 0.626676083 -7.680401802 0.062471349 -0.771504343 -0.288018733 0.563847184
1403715580362142976.000000 12.178213120 1.877690554 -10.985203743 0.034909230 -0.735603690 -0.248355925 0.629275799
1403715580662142976.000000 12.354316711 3.172702074 -14.077392578 -0.014483275 -0.695526421 -0.204530329 0.688622236
1403715580962142976.000000 12.523591995 4.094842434 -16.513547897 -0.089338437 -0.680992603 -0.169521004 0.706774652
1403715581812143104.000000 10.467687607 4.336633682 -16.823917389 0.042122256 -0.728233695 -0.282066286 0.623169303
1403715582112143360.000000 9.505992889 4.363730431 -16.738885880 0.055809841 -0.796775043 -0.273110777 0.536139250
1403715582512143104.000000 8.652814865 4.443365574 -17.010974884 0.044983193 -0.816117227 -0.298975736 0.492486268
1403715583062142976.000000 7.614183426 4.913637638 -18.111780167 0.010211729 -0.783607006 -0.344419181 0.516944110
1403715583312143104.000000 6.632934570 5.679142475 -19.122699738 0.029890310 -0.800807178 -0.281981498 0.527542412
1403715583612143360.000000 5.514505386 6.562855721 -20.226999283 0.061525062 -0.830500424 -0.187210605 0.520995140
1403715583912143104.000000 5.716838837 7.136855125 -20.609086990 0.114667192 -0.847532213 -0.106707327 0.507103562
1403715584212143104.000000 8.242000580 6.292697906 -19.632415771 0.033870712 -0.845137060 -0.163522854 0.507795691
1403715584612143360.000000 12.774667740 4.590943336 -16.590972900 -0.034087148 -0.810507834 -0.288523436 0.508595467
1403715584962142976.000000 15.617403030 3.251546860 -13.713168144 0.005936277 -0.786085546 -0.347074598 0.511442542
1403715585412143104.000000 17.483116150 1.950020313 -11.688355446 0.003957364 -0.778271914 -0.361178070 0.513641596
1403715588112143360.000000 18.678876877 0.736143112 -11.128431320 0.012923453 -0.732573569 -0.214238450 0.645965040
1403715588462142976.000000 19.128690720 0.805813789 -9.211153030 0.038827311 -0.643109500 -0.166869074 0.746362805
1403715588962142976.000000 21.098844528 1.116508007 -6.382026672 -0.025547294 -0.489701897 -0.186921492 0.851234257
1403715589562142976.000000 21.786190033 0.231466413 -2.119916916 -0.086440392 -0.349534750 -0.174720958 0.916420281
1403715590012143104.000000 19.124109268 -3.022407055 1.666419387 0.010344008 -0.345349789 -0.128151059 0.929625630
1403715590612143360.000000 14.346874237 -6.867814541 5.951021194 0.033296261 -0.409738302 -0.209942177 0.887090862
1403715591212143104.000000 8.116014481 -9.498972893 7.723471642 0.027187763 -0.617964923 -0.255043268 0.743191183
1403715591712143104.000000 2.582319260 -10.636474609 7.893450737 0.045804996 -0.758132517 -0.322794318 0.564748466
1403715592062142976.000000 -1.184778214 -9.891269684 7.224592686 0.078798518 -0.818806469 -0.348974973 0.448957920
1403715592412143104.000000 -4.244482040 -8.481499672 5.578490257 0.121769853 -0.877566755 -0.344597846 0.310324222
1403715592812143104.000000 -5.522683144 -7.211983681 2.086425304 0.142777354 -0.915821016 -0.348161489 0.140250161
1403715593312143104.000000 -4.150344372 -5.431889057 -2.783384085 -0.039663240 0.936616480 0.338733941 0.080223456
1403715594112143360.000000 -0.246142387 -2.931568861 -8.938643456 -0.078529164 0.864376187 0.284294933 0.407263279
1403715594462142976.000000 2.339225769 -2.388677120 -9.970919609 -0.077842586 0.800129533 0.267755985 0.531074345
1403715594862142976.000000 5.752681732 -2.158505440 -9.963155746 -0.088350333 0.685805619 0.263605118 0.672589898
1403715595662142976.000000 14.963271141 -2.288773537 -7.679589272 -0.017491231 0.435849041 0.138725102 0.889092267
1403715596112143360.000000 18.866727829 -2.733185768 -6.259172440 0.100457303 0.324160904 -0.016460057 0.940508962
1403715596612143360.000000 17.640222549 -3.908647537 -6.395412922 -0.080975175 0.217144445 0.071509823 0.970143139
1403715597162142976.000000 15.521908760 -6.098428249 -4.056039333 -0.141272217 0.117779605 0.078647643 0.979788065
1403715597612143360.000000 15.179136276 -8.835097313 1.132814765 0.008376490 0.047819473 0.053830218 0.997369289
1403715598112143360.000000 15.440073967 -11.231269836 6.502114296 0.032263216 -0.027458144 0.006310260 0.999082267
1403715598562142976.000000 15.847533226 -12.140518188 10.188062668 0.127501965 -0.027941365 0.021760421 0.991205871
1403715599162142976.000000 16.777891159 -10.988306999 10.693679810 0.025886295 -0.015530087 0.001511780 0.999543130
1403715600062142976.000000 19.004718781 -7.212560177 9.358329773 0.012251585 -0.013020459 0.007790642 0.999809802
1403715600462142976.000000 20.059017181 -5.383934021 8.181162834 -0.001471763 -0.073645778 -0.091174684 0.993106902
1403715600912143104.000000 19.330945969 -4.073791027 6.762852669 -0.025821393 -0.259676963 -0.108521715 0.959231019
1403715601512143104.000000 16.924999237 -5.096843243 5.112464905 0.007160012 -0.334195882 -0.146973386 0.930946112
1403715602062142976.000000 13.563745499 -6.055439472 3.329359293 0.055532094 -0.321242273 -0.103752404 0.939656854
1403715603412143104.000000 7.425616264 -2.909083605 -2.451266050 -0.022532117 0.004812719 -0.002125282 0.999732256
1403715604062142976.000000 4.436839104 -1.370831490 -4.162005901 -0.051373240 0.012299593 0.068976656 0.996218741
1403715604712143104.000000 3.422273159 -1.109962583 -4.108809471 -0.010178443 0.031266343 0.022622643 0.999203205
1403715605412143104.000000 2.166703463 -1.328277946 -3.101874113 -0.002947435 0.020899709 0.030152211 0.999322474
1403715606212143104.000000 1.072786093 -0.876539707 -1.349609733 -0.001290225 0.014354569 0.013989675 0.999798298
1403715607112143360.000000 0.386463165 -0.616617322 0.096277602 0.014037618 -0.003824737 0.012202584 0.999819696
1403715607912143104.000000 0.016511519 -0.041951630 0.079618238 0.000852641 0.000518306 0.002648704 0.999996006
1403715608212143104.000000 0.016065275 -0.041558415 0.084215857 -0.000344847 -0.000757930 -0.000787850 0.999999344
