7.28538
2.29814
1.982
1.41009
1.90995
0.407973
0.68816
1.43497
0.349812
1.22088
1.38945
0.394329
0.363033
0.601982
1.79958
0.461487
1.61689
0.717421
0.416401
0.549129
2.03105
0.561775
0.481272
0.781467
2.40718
0.641072
0.407419
1.59747
0.509759
0.429778
0.41666
1.67047
0.373545
0.344569
1.43666
0.48989
0.503394
0.703576
0.511988
0.651526
0.379381
1.457
0.366197
1.41935
0.589534
0.462747
0.520569
0.475596
0.432767
0.409142
1.94689
0.403684
0.380764
0.528358
3.92662
0.422908
0.421603
0.404206
0.367339
0.474005
0.386686
1.28614
0.657638
0.419622
2.61328
0.713751
0.488501
0.570388
0.494024
0.468433
0.716074
0.449569
0.44848
0.978437
0.850026
0.467604
0.505913
0.643012
0.474571
0.554602
0.795172
0.440946
0.534105
0.56353
0.682035
0.437991
0.455741
0.492442
0.461235
0.430277
0.501614
0.421421
0.480656
0.50951
0.753875
0.504114
0.676348
0.717942
0.405773
0.50526
0.489662
0.555047
0.446349
0.406144
0.452524
0.400048
0.63172
0.466173
0.784348
0.448744
0.55357
0.621829
0.476872
0.489033
0.435005
0.426656
0.388652
0.382974
0.795369
0.636126
0.380005
0.558268
0.519868
0.472609
0.509831
0.744504
0.806427
0.458739
0.4094
0.403175
0.637596
0.387441
0.40398
0.360267
0.403794
1.89651
0.416996
0.596995
1.46755
0.429118
0.442814
0.38446
0.610867
0.379976
0.411812
0.580015
0.387297
0.380429
0.351477
0.465741
0.611719
1.55349
1.50367
0.583054
0.547985
0.371956
0.430039
0.336916
0.324828
0.38101
0.382166
0.375353
0.362644
0.603735
0.34133
0.384502
0.501783
0.346663
0.363021
1.18552
0.429877
0.437299
1.63232
0.349337
0.756052
0.43955
0.478459
0.433245
0.345468
0.536599
0.374652
0.344182
0.774752
0.539497
0.530662
0.44549
0.61428
0.368174
0.328565
1.58919
0.359715
1.11955
0.353117
0.462859
0.306955
0.407253
0.477173
0.376893
0.42341
0.292383
0.292219
0.290517
0.86264
0.538968
0.382003
0.379097
0.331908
0.38166
0.317409
0.509869
1.06471
1.20579
0.479748
0.326196
0.452314
0.491173
0.600355
0.43368
0.374035
0.385388
0.355336
0.325623
0.408008
0.41949
0.286054
0.488525
0.4472
0.871062
0.462371
0.542784
0.561704
0.600244
0.325306
0.396028
0.377788
0.31876
1.01672
0.483934
1.52969
0.399933
0.506417
0.441113
0.477602
0.287473
0.270047
0.577268
0.268469
0.308275
0.354798
0.604681
0.278554
0.376848
0.371866
0.538023
0.409692
0.351768
0.445818
0.268029
0.27742
0.266868
0.802228
0.2956
0.993203
0.461132
0.473876
0.327233
0.40332
0.315193
0.401379
0.274373
0.268515
0.256653
0.479661
0.293926
0.252279
0.55431
0.382361
0.241239
0.31704
0.225459
0.224681
0.226585
0.207402
0.200363
0.218688
0.656056
0.634834
0.253653
0.239347
0.284967
0.238617
0.247687
0.37591
0.292683
0.449502
0.345216
0.333759
0.54458
0.325428
0.295352
0.497377
0.284982
0.439864
0.442183
0.353737
0.292699
0.284817
0.277957
0.302721
0.258517
0.451909
0.406006
1.35625
1.23711
0.36968
0.256815
0.274327
0.264338
0.243819
0.24626
0.489247
0.315133
0.295763
0.471647
0.26814
0.272982
0.286744
0.242389
0.267999
0.243793
0.240904
0.263514
0.258042
0.338524
0.531641
0.234753
0.238419
0.254448
0.903995
0.291237
1.38783
0.317942
0.294599
0.358677
0.240302
0.237561
0.242354
0.303669
0.34254
0.289137
0.317347
0.316486
0.247172
0.459656
0.246268
0.433854
0.476775
0.312463
0.385193
0.541436
0.358832
0.314843
0.301697
0.378539
0.492309
0.29153
0.281835
0.348239
0.308782
1.52076
1.35656
0.479697
0.354046
0.344076
0.416861
0.270298
0.538479
0.309834
0.377333
0.374159
0.426376
0.217347
0.265065
0.598999
0.287542
0.284659
0.42882
0.367917
0.23975
0.541968
0.264571
0.288307
0.428074
0.245412
0.571075
0.428708
1.23946
0.482469
0.903556
1.73832
0.586235
0.606523
0.480206
0.467646
0.454136
0.457181
0.411626
0.392651
0.445708
0.244088
0.223642
0.39448
0.211121
0.234001
0.213756
0.33625
0.351531
0.263082
0.321517
0.370106
0.226703
0.2394
0.232702
0.248539
0.243089
0.239302
0.268248
1.63863
0.991161
0.527825
1.00119
0.212299
0.241294
0.395888
0.297489
0.386638
0.351078
0.297213
0.234101
0.259195
0.320407
0.245032
0.265999
0.251086
0.345267
0.299582
0.247692
0.308022
0.273351
0.4265
0.259001
0.279086
0.395358
0.264494
0.913376
0.761432
0.445028
0.358558
0.51252
0.39617
0.291866
0.283739
0.490403
0.386583
0.383034
0.22498
0.275399
0.277261
0.250779
0.241736
0.24277
0.295532
0.253443
0.412768
0.282659
0.303487
0.276417
0.244821
0.251028
0.930354
0.549561
0.353431
1.35854
0.447908
0.478998
0.242355
0.332561
0.461936
0.333046
0.293308
0.230199
0.28798
0.233468
0.221609
0.228628
0.281388
0.198028
0.263429
0.241412
0.251924
0.319497
0.233969
0.473173
0.348216
0.244577
0.43909
0.500777
0.396275
0.309277
0.309903
0.269029
0.978345
0.331157
0.402121
0.492539
0.747215
0.254436
0.244928
0.618504
0.328491
0.306125
0.249713
0.298672
0.279653
0.230654
0.204202
0.205799
0.238154
0.213671
0.245071
0.242365
0.370272
0.302135
0.283277
0.255128
0.253899
0.436759
0.294623
0.667088
0.332401
0.844201
0.449991
0.482207
0.386663
0.288466
0.869635
0.219268
0.283451
0.634007
0.695948
0.390792
0.292818
0.275153
0.272183
0.256397
0.265106
0.286903
0.235144
0.397428
0.496642
0.54635
0.377781
0.44161
0.429763
0.356954
0.461994
0.338276
0.5383
0.390766
0.463813
0.454844
0.547532
0.287209
1.46499
0.315
0.469217
0.644938
0.627713
0.320865
0.344043
0.330787
0.316209
0.453164
0.454569
0.416129
0.365726
0.420263
0.399478
0.290716
0.263197
0.306077
0.306967
0.539935
0.445004
0.276274
0.311973
0.438371
0.448957
0.353407
0.403854
0.511193
0.362151
0.291214
1.34721
0.649628
0.559382
0.315904
0.277805
0.274821
0.254516
0.267345
0.375633
0.382848
0.294684
0.240306
0.383059
0.373497
0.879764
0.447388
0.327209
0.68254
0.39447
0.40725
0.32455
0.479673
0.389159
0.496299
0.500618
0.303609
0.308005
0.631824
0.719374
0.597165
0.374514
0.515272
0.320969
0.442814
0.306041
0.43233
0.397309
0.462931
0.377231
0.397608
0.758349
0.400486
0.430786
0.359028
0.278619
0.36632
0.353579
0.274599
0.354639
0.432651
0.442932
0.441041
0.421025
0.275257
0.393917
0.329184
0.373247
0.290212
0.299488
0.379641
0.455189
0.373532
0.306326
0.444085
0.655823
0.487445
0.469551
0.380508
0.421528
0.251068
0.33915
0.278386
0.264232
0.310437
0.425346
0.286085
0.332387
0.479242
0.449586
0.439881
0.339454
0.441905
1.51733
0.375228
0.436846
0.520708
0.413978
0.890991
0.44419
0.462367
0.30048
0.351759
0.335662
0.301288
0.493914
0.27412
0.36395
0.398377
0.303976
0.394096
0.310697
0.311069
0.291747
0.416566
0.388489
0.470485
0.499942
0.55718
0.450291
0.774393
0.778756
0.347685
0.485215
0.518743
0.547174
0.557317
0.493078
0.497538
0.463396
0.44186
0.309263
0.296083
0.306733
0.518314
0.346209
0.261794
0.341625
0.277483
0.256131
0.290768
0.273905
0.405794
0.488209
0.399238
0.273351
0.275013
0.473842
0.514208
0.621384
0.504095
0.391485
0.726434
0.487901
0.67246
0.410676
0.370175
0.36082
0.346511
0.343167
0.590638
0.305941
0.52013
0.559391
0.343547
0.28934
0.457872
0.251665
0.318466
0.305867
0.537726
0.406216
0.422217
0.560466
0.473048
0.427436
0.464612
0.492064
0.295298
0.331049
0.349911
0.322262
0.525389
0.513393
0.615878
0.492676
0.389494
0.379069
0.450875
0.46343
0.335767
0.555698
0.321303
0.34037
0.437443
0.307764
0.302816
0.431689
0.434822
0.325834
0.419229
0.309579
0.271013
0.302828
0.452195
0.442607
0.481085
0.720363
0.765379
0.464288
0.483738
0.498936
0.518138
0.299794
0.667513
0.575927
0.540056
0.599452
0.542905
0.669983
0.341141
0.61924
0.469413
0.413458
0.641827
0.507439
0.51838
0.328225
0.482961
0.615759
0.341927
0.512349
0.350246
0.556972
0.362137
0.420935
0.474565
0.426236
0.324386
0.28076
0.473122
0.496537
0.534883
0.410574
0.653679
0.393643
0.537313
0.497835
0.396432
0.558212
0.553758
0.533289
0.518869
0.494804
0.315284
0.515835
0.519392
0.60357
0.493157
0.472726
0.4969
0.49321
0.6954
0.492817
0.523243
0.30659
0.335921
0.329476
0.45382
0.424
0.525111
0.552292
0.435678
0.320179
0.407616
0.306024
0.294751
0.287861
0.296127
0.498709
0.38308
0.472976
0.483191
0.303853
0.324562
0.37131
0.366921
0.521112
0.506122
0.43691
0.359217
0.639092
0.418899
0.405996
0.399403
0.388634
0.36548
0.362061
0.469151
0.527993
0.630613
0.584577
0.684736
1.49572
0.763394
0.444017
0.302684
0.373546
0.302092
0.340685
0.27736
0.282501
0.360863
0.259709
0.308807
0.266613
0.319775
0.450029
0.393756
0.502258
0.702778
0.545425
0.484174
0.525948
0.53896
0.521452
0.70904
0.5099
0.331427
0.448772
0.627213
0.487584
0.387242
0.352374
0.583968
0.580157
0.665496
0.543614
0.358105
0.326094
0.319524
0.311999
0.497483
0.360907
0.322701
0.542981
0.318608
0.482037
0.393947
0.392507
0.569167
0.542855
0.364216
0.316931
0.36607
0.403273
0.457792
0.353615
0.333813
0.491463
0.627056
0.334087
0.30917
0.307627
0.362363
0.366356
0.429832
0.349605
0.40392
0.439464
0.267436
0.32413
0.415016
0.60275
0.373155
0.895146
0.348841
0.486622
0.622817
0.378921
0.419922
0.353574
0.410173
0.347025
0.472744
0.413147
0.306231
0.732751
0.590964
0.368956
0.315258
0.448608
0.607292
0.39385
1.13771
0.434707
0.333815
0.551883
0.366273
0.321857
0.308526
0.379555
0.382675
0.523163
0.466876
0.354512
0.328522
0.360682
0.49466
0.524904
0.379851
0.393346
0.688119
0.549814
0.369565
0.44031
0.418827
0.352667
0.36228
0.343236
0.607644
0.430399
0.83356
0.455206
0.347585
0.378975
0.347004
0.3147
0.324556
0.57725
0.347798
0.59988
0.354933
0.34831
0.337714
0.380898
0.31803
0.452112
0.413582
0.306918
0.558681
0.502494
0.611195
0.535372
0.367692
0.544053
0.310137
0.313249
0.338056
0.401323
0.334201
0.278422
0.262514
0.248013
0.385172
0.62599
0.365085
0.968974
0.321326
0.78969
0.283153
0.27989
0.317304
0.334965
0.543079
0.332619
0.383413
0.5452
0.534233
0.287228
0.397043
0.614111
0.277214
0.323845
0.418796
0.572035
0.446127
0.399457
0.328717
0.290395
0.51088
0.467688
0.271073
0.305372
0.338583
0.479229
0.381362
0.444463
0.305425
0.275511
0.270682
0.254268
0.314738
0.252909
0.247124
0.425278
0.504301
0.363012
0.27743
0.43678
0.394916
0.36328
0.287441
0.263617
0.258737
0.432118
0.250775
0.244776
0.304561
0.250602
0.466985
0.407766
0.233768
0.347433
0.558184
0.462237
0.282315
0.448165
0.277486
0.427756
0.253461
0.252323
0.262067
0.318473
0.464294
0.417908
0.429994
0.395124
0.345091
0.298253
0.270038
0.483672
0.239005
0.283536
0.271804
0.388798
0.291619
0.345975
0.328491
0.425478
0.326531
0.445658
0.385835
0.316666
0.450737
0.478523
0.275245
0.429702
0.247687
0.402168
0.256799
0.357191
0.268975
0.337974
0.355486
0.31956
0.256055
0.32521
0.366836
0.293389
0.397683
0.286358
0.263686
0.305318
0.343243
0.270482
0.354959
0.429097
0.289181
0.263841
0.421889
0.516859
0.278433
0.249426
0.406356
0.480258
0.426412
0.449308
0.317625
0.424077
0.261772
0.251275
0.260357
0.272632
0.262452
0.239841
0.413314
0.345592
0.388089
0.245085
0.365652
0.441028
0.288511
0.355331
0.26877
0.247427
0.44386
0.390717
0.2505
0.243973
0.223469
0.235612
0.259448
0.240404
0.244184
0.278078
0.401772
0.452653
0.366152
0.292594
0.418917
0.249388
0.238831
0.214309
0.362408
0.304269
0.20995
0.228108
0.777301
0.241284
0.289555
0.304753
0.39883
0.231465
0.331716
0.237465
0.231372
0.392447
0.233861
0.275645
0.268383
0.287558
0.267988
0.23664
0.223198
0.225223
0.264898
0.207813
0.204123
0.206962
0.200271
0.206351
0.254405
0.339559
0.21896
0.269519
0.280091
0.263523
0.416929
0.416045
0.364192
0.279488
0.343098
0.25154
0.23748
0.295744
0.416554
0.341275
0.220483
0.593019
0.306472
0.453628
0.369679
0.377943
0.387026
0.361921
0.297462
0.431998
0.412309
0.404769
0.468842
0.502741
0.407237
0.456176
0.301085
0.287145
0.261229
0.250789
0.236959
0.409218
0.218726
0.318603
0.205262
0.251661
0.235282
0.288891
0.246623
0.407268
0.759909
0.586508
0.37523
0.244793
0.234223
0.25203
0.247433
0.380862
0.39618
0.67695
0.249453
0.286139
0.279508
0.257143
0.246836
0.227532
0.241074
0.228095
0.29008
0.349722
0.271934
0.630906
0.52858
0.366508
0.227014
0.31873
0.401123
0.2495
0.259232
0.26285
0.241353
0.28561
0.258493
0.253568
0.2742
0.241535
0.802306
1.18992
0.480074
0.43288
0.391939
0.617915
0.778519
0.554527
0.301825
0.30145
0.338847
0.383296
0.47415
0.287419
0.261265
0.268741
0.32529
0.311539
0.2996
0.314868
0.388269
0.422209
0.378315
0.373258
0.357788
0.364813
0.359968
0.471688
0.278952
0.280796
0.520122
0.443523
0.474023
0.757704
1.08166
0.558236
0.319057
0.429787
0.277197
0.285826
0.294316
0.469297
0.290025
0.417945
0.344651
0.412992
0.348749
0.376879
0.505307
0.447672
0.3985
0.309255
0.437472
0.320252
0.277598
0.271175
0.25129
0.422675
0.35538
0.30042
0.298695
0.402451
0.360592
0.470397
1.50402
0.299766
0.426696
0.440559
0.346658
0.322776
0.30325
0.338071
0.276258
0.349274
0.293492
0.441731
0.500379
0.279265
0.330026
0.279063
0.458508
0.456185
0.295754
0.288034
0.256735
0.299877
0.260358
0.250706
0.398407
0.433214
0.31524
0.474772
0.504993
0.727279
0.520772
0.640033
0.402043
0.573068
0.324077
0.323433
0.314467
0.441741
0.402216
0.338995
0.353804
0.649783
1.38935
0.370313
0.368684
0.515627
0.338708
0.326525
0.334381
0.40827
0.342743
0.426595
0.373743
0.352246
0.330865
0.323858
0.315232
0.478643
0.31821
0.385639
0.297157
0.605246
0.276138
0.496358
0.420222
0.523393
0.533585
0.324937
0.375931
0.424831
0.494076
0.484107
0.32782
0.312813
0.316454
0.332411
0.323268
0.356642
0.311211
0.321483
0.360008
0.474142
0.423144
0.286725
0.527073
0.391618
0.380816
0.560345
0.337798
0.299467
0.422707
0.302884
0.288484
0.37609
0.412936
0.457857
0.471508
0.900998
0.39532
0.840643
0.323578
0.337701
0.515694
0.363323
0.634372
0.344911
0.403758
0.378303
0.524521
0.607106
0.468694
0.397021
0.44024
0.553653
0.511872
0.307205
0.50358
0.598354
0.388183
0.545443
0.385804
0.317881
0.323625
0.603058
0.324881
0.514207
0.676167
0.806281
0.464393
0.698551
0.37905
0.377723
0.350947
0.368302
0.356982
0.413287
0.320177
0.337527
0.484225
0.402608
0.478881
0.92257
0.373178
0.371875
0.489417
0.690647
0.330287
0.351458
0.458784
0.312056
0.529607
0.469148
0.312264
0.494536
0.498304
0.324509
0.389592
0.674358
0.333426
0.450191
0.497013
0.331932
0.405895
0.411732
0.3602
0.36592
0.311648
0.322179
0.30393
0.550703
0.28842
0.332168
0.479431
0.463145
0.297121
0.267811
0.269708
0.344436
0.324885
0.287627
0.332924
0.318878
0.388973
0.301972
0.345862
0.54879
0.437497
0.472875
0.335408
0.358664
0.506039
0.395046
0.329421
0.449898
0.335138
0.564547
0.326888
0.48286
0.317162
0.519406
0.48745
0.456635
0.566474
0.374022
0.348312
0.254236
0.253608
0.423576
0.248358
0.324177
0.313284
0.255651
0.261987
0.274806
0.309092
0.287403
0.275767
0.269477
0.347698
0.300059
0.414991
0.373447
0.447564
0.267816
0.310515
0.455868
0.587437
0.446021
0.428764
0.458936
0.360901
0.333528
0.332418
0.350054
0.32955
0.499736
0.273627
0.481988
0.441141
0.343786
0.345952
0.395372
0.465211
0.31592
0.412745
0.479607
0.332796
0.351175
0.285566
0.283723
0.449048
0.412237
0.421822
0.309691
0.3166
0.303916
0.267232
0.275805
0.405271
0.328426
0.329551
0.375234
0.356512
0.301234
0.364134
0.496943
0.593357
0.583573
0.460754
0.331352
0.30623
0.343649
0.337381
0.362606
0.347494
0.516481
0.31642
0.311113
0.367112
0.299297
0.449432
0.348558
0.338218
0.31425
0.517122
0.309594
0.329453
0.391834
0.367362
0.787534
0.365498
0.38692
0.352007
0.520199
0.376898
0.384669
0.610417
0.384906
0.403523
0.411557
0.350037
0.387703
0.37206
0.378894
0.38706
0.66304
0.370393
0.383407
0.513438
0.362821
0.408174
0.353759
0.349702
0.46371
0.331158
0.337311
0.540779
0.33694
0.339423
0.345146
0.357448
0.323171
0.330775
0.36561
0.371775
0.365249
0.378837
0.470778
0.406578
0.398581
0.497927
0.411107
0.409338
0.386945
0.627664
0.600059
0.557982
0.625148
0.614375
0.421259
0.508538
0.379682
0.419355
0.382773
0.58254
0.837641
0.686268
0.527824
0.484449
0.621832
0.466217
0.431037
0.717863
0.40887
0.62423
0.386519
0.401729
0.452242
0.370846
0.352853
0.318606
0.451157
0.332948
0.337856
0.487391
0.444742
0.501549
0.372378
0.475276
0.482244
0.807976
0.571033
0.425666
0.451451
0.48129
0.422453
0.616976
0.426778
0.374873
0.459113
0.553788
0.702394
0.970688
0.730503
0.798577
0.606233
0.401667
0.398416
0.680134
0.429055
0.324793
0.355937
0.367149
0.359824
0.325985
0.322437
0.352793
0.319788
0.575787
0.445629
0.521116
0.315551
0.414359
0.400549
0.571392
0.565313
0.746943
0.398935
0.58911
0.521987
0.261885
0.447311
0.313089
0.449693
0.295547
0.417466
0.486675
0.532791
0.344493
0.341023
0.400857
0.489497
0.330516
0.497869
0.314871
0.619887
0.350977
0.615262
0.382974
0.313751
0.29604
0.286989
0.270851
0.285192
0.545962
0.377179
0.43958
0.298854
0.482137
0.279512
0.337019
0.302723
0.4784
0.384386
0.407755
0.330172
0.268344
0.305476
0.340432
0.263993
0.268945
0.325304
0.362684
0.302987
0.542816
0.613374
0.415549
0.281309
0.382784
0.566015
0.354455
0.369558
0.322417
0.270289
0.269967
0.392716
0.304461
0.327062
0.348483
1.19571
0.27274
0.467322
0.285685
0.288414
0.4676
0.579829
0.389401
0.332814
0.588558
0.515162
0.504139
0.528537
0.487297
0.434884
0.479295
0.429335
0.450684
0.617196
0.331987
0.457673
0.393391
0.514297
0.629621
0.342205
0.363733
0.281882
0.40142
0.374479
0.366191
0.288585
0.292745
0.569505
0.253488
0.248888
0.275708
0.371592
0.247589
0.282629
0.33132
0.33119
0.283097
0.45047
0.464575
0.291258
0.494372
0.291407
0.247505
0.261523
0.430614
0.35745
0.265468
0.28404
0.261323
0.551917
0.262512
0.287521
0.260457
0.41498
0.281533
0.275048
0.271725
0.719788
0.277667
0.338822
0.27332
0.304062
0.512425
0.395809
0.547674
0.297117
0.507393
0.437741
0.431295
0.464189
0.448352
0.2817
0.303815
0.455776
0.380577
0.50225
0.310288
0.457282
0.509497
0.557308
0.293893
0.339377
0.490937
0.292404
0.625195
0.441818
0.337428
0.471677
0.295833
0.286599
0.319113
0.276796
0.270822
0.256968
0.26706
0.270089
0.377805
0.272642
0.324561
0.353683
0.352851
0.296978
0.333806
0.273443
0.361319
0.311114
0.255569
0.247561
0.518282
0.417343
0.452654
0.270217
0.277368
0.488144
0.266835
0.393511
0.26303
0.34116
0.313726
0.291139
0.261708
0.27795
0.441597
0.354005
0.365817
0.283382
0.260628
0.268639
0.266639
0.260705
0.446862
0.540672
0.286089
0.306911
0.519272
0.305324
0.270161
0.263037
0.258552
0.541038
0.417588
0.424842
0.401828
0.378978
0.431992
0.37901
0.273724
0.429052
0.320897
0.305849
0.303122
0.312026
0.299315
0.493462
0.435438
0.318966
0.289725
0.393657
0.422285
0.427215
0.359825
0.397752
0.467903
0.671039
0.399044
0.350378
0.434232
0.532232
0.436666
0.404629
0.300948
0.295969
0.277981
0.548481
0.441955
0.28166
0.276945
0.269712
0.366883
0.455591
0.422051
0.430054
0.333191
0.365182
0.286963
0.301927
0.287196
0.276151
0.30411
0.526334
0.290169
0.306075
0.264814
0.285628
0.34949
0.412706
0.432111
0.312217
0.382513
0.530444
0.36579
0.586169
0.659097
0.317014
0.623041
0.544762
0.373782
0.522783
0.348349
0.287047
0.341786
0.645618
0.638161
0.418884
0.681288
0.640308
0.60207
0.467052
0.378531
0.332489
0.354808
0.351314
0.412869
0.514795
0.425536
0.486108
0.606971
0.319172
0.510115
0.465051
0.423403
0.480225
0.551023
0.31226
0.28402
0.263491
0.32936
0.374044
0.416105
0.729634
0.255527
0.477294
0.378083
0.502249
0.644855
0.382661
0.786428
0.293217
0.380826
0.340722
0.348941
0.528374
0.394946
0.386172
0.343186
0.547064
0.420487
0.534308
0.355395
0.33312
0.351905
0.397383
0.339353
0.870931
0.368136
0.360114
0.362069
0.367636
0.334454
0.335614
0.510529
0.3331
0.366384
0.388489
0.555392
0.304527
0.346461
0.346905
0.363029
0.586572
0.457539
0.380696
0.560468
0.579964
0.433953
0.695357
0.52021
0.426131
0.387617
0.401378
0.587127
0.398596
0.386908
0.49883
0.527718
0.617061
0.356845
0.673982
0.343988
0.597526
0.372102
0.344438
0.57524
0.326256
0.323209
0.347324
0.497786
0.539097
0.355829
0.434325
0.588709
0.606779
0.485289
0.77114
0.692698
0.675623
0.424048
0.704325
0.452528
0.66142
0.424572
0.501117
0.597532
0.508468
0.350276
0.495061
0.466349
0.392004
0.358369
0.416337
0.368378
0.6181
0.600671
0.332695
0.342532
0.449277
0.343662
0.344613
0.341493
0.348668
0.350133
0.393217
0.393369
0.59134
0.520877
0.561402
0.358774
0.431415
0.609019
0.614242
0.446318
0.421272
0.489721
0.627447
0.379493
0.413878
0.404351
0.502159
0.345368
0.578275
1.14805
0.530554
0.529326
0.679508
0.63793
0.503372
0.614586
0.477373
0.503772
0.412555
0.447635
0.395545
0.600955
0.462034
0.433421
0.622984
0.413599
0.694821
0.474301
0.409433
0.542677
0.414941
0.537107
0.35079
0.349623
0.384213
0.389918
0.389852
0.365184
0.41692
0.383655
0.430497
0.651733
0.384821
0.744438
0.344976
0.365801
0.318261
0.346936
0.347424
0.352292
0.416042
0.28279
0.354712
0.367696
0.507209
0.523893
0.352345
0.466626
0.536879
0.432308
0.348343
0.324819
0.460416
0.267271
0.294718
0.384244
0.270683
0.334273
0.505202
0.282723
0.466079
0.235887
0.317938
0.297246
0.264554
0.32018
0.277926
0.281374
0.263392
0.302121
0.28854
0.303972
0.280533
0.21969
0.359862
0.247126
0.245429
0.332577
0.352452
0.384283
0.41815
0.42019
0.380502
0.311184
0.340209
0.291829
0.522261
0.428661
0.296528
0.437346
0.398889
0.500131
0.437928
0.341663
0.370298
0.310175
0.370512
0.696199
0.498649
0.438935
0.359262
0.463415
0.36293
0.290369
0.283095
0.260129
0.245246
0.471072
0.276134
0.291449
0.264226
0.259165
0.367318
0.670516
0.448147
0.407094
0.317094
0.463927
0.52963
0.812337
0.485764
0.350275
0.310309
0.286246
0.291744
0.294459
0.341654
0.307118
0.335843
0.329524
0.456131
0.790281
0.295599
0.490849
0.505549
0.29309
0.43176
0.365052
0.513416
0.585364
0.379122
0.322014
0.324833
0.321099
0.282666
0.286327
0.299559
0.267205
0.244338
0.241519
0.479943
0.354476
0.359927
0.397203
0.438541
0.280801
0.294828
0.296063
0.305427
0.305051
0.308268
0.260356
0.305129
0.390632
0.39947
0.244965
0.390943
0.320077
0.267481
0.424271
0.455049
0.478443
0.296223
0.643764
0.38316
0.286979
0.450289
0.432014
0.268692
0.425063
0.254895
0.425193
0.278907
0.278467
0.288063
0.343886
0.29064
0.442228
0.433641
0.281463
0.309804
0.423707
0.486947
0.424327
0.473896
0.352295
0.477073
0.299446
0.345334
0.318524
0.326727
0.29481
0.312781
0.373733
0.568464
0.37195
0.430853
0.318334
0.351615
0.32063
0.278974
0.351492
0.318778
0.289084
0.471613
0.356572
0.327822
0.319304
0.29709
0.288413
0.286014
0.489665
0.288231
0.321356
0.490733
0.830804
0.481423
0.420689
0.62965
0.516658
0.332205
0.328628
0.654496
0.450401
0.434581
0.603353
0.386194
0.663331
0.599146
0.588715
0.609943
0.595817
0.484746
0.555792
0.630307
0.681715
0.503773
0.620222
0.517421
0.580631
0.625908
0.66416
0.643474
0.536364
0.57742
0.320687
0.564864
0.563926
0.611812
0.516608
0.420484
0.352479
0.487251
0.682715
0.636015
0.698331
0.628859
0.64731
0.546572
0.702084
0.663975
0.452376
0.611543
0.45288
0.460861
0.510222
0.651494
0.476185
0.438337
0.689965
0.502098
0.574449
0.397261
0.674366
0.724854
0.750613
0.732137
0.730939
0.541316
0.42829
0.665828
0.693557
0.391452
0.411612
0.403859
0.427037
0.379565
0.401843
0.359212
0.387866
0.495038
0.608325
0.590735
0.724135
0.703167
0.542233
0.41762
0.572915
0.598128
0.676078
0.532
0.470729
0.466596
0.471582
0.664346
0.692081
0.404319
0.704044
0.676091
0.778564
0.514995
0.658997
0.350011
0.719557
0.332107
0.380207
0.330172
0.527633
0.535027
0.499263
0.583859
0.430139
0.36621
0.594456
0.621113
0.389172
0.380819
0.374258
0.567642
0.653315
0.570834
0.449257
1.11372
0.591487
0.54343
0.535474
0.500937
0.6215
1.01408
0.709244
0.649968
0.45353
0.525016
0.480225
0.555221
0.477634
0.695053
0.425749
0.443715
0.436007
0.6011
0.543997
0.608473
0.555759
0.645422
0.667968
0.902638
0.788405
0.551494
0.740765
0.450638
0.531769
0.753279
0.446504
0.550936
0.472913
0.767503
0.539166
0.736391
0.631456
0.408178
0.75609
0.521145
0.498947
0.364218
0.526854
0.579807
0.483485
0.464594
0.423393
0.665869
0.557728
0.556692
0.576977
0.383909
0.360683
0.503403
0.446731
0.35774
0.613834
0.471845
0.461332
0.754016
0.720771
0.449601
0.464542
0.602425
0.687922
0.483036
0.734268
0.936761
1.18558
0.556898
0.408135
0.345822
0.374042
0.348524
0.358451
0.593347
0.68581
0.832609
0.690152
0.499478
0.378198
0.426375
0.386602
0.422809
0.415706
0.45702
0.767377
0.474266
0.756025
0.467865
0.462224
0.377371
0.855815
0.830332
0.945217
0.609223
0.46118
0.626453
1.21456
0.474529
0.530303
0.464933
0.346978
0.696261
0.553458
0.427261
0.622668
0.338644
0.652166
0.680161
0.60395
0.599736
0.6062
0.543786
0.836148
0.461347
0.706165
0.668898
0.665259
0.727992
0.436757
0.538916
0.584356
0.349589
0.428897
1.51431
0.540159
0.382444
0.600213
0.571397
0.645446
0.629752
0.396757
0.325455
0.292666
0.294038
0.317686
0.481855
0.391449
0.873238
0.511119
0.467757
0.359586
0.32083
0.315445
0.321549
0.317804
0.338428
0.403202
0.369365
0.357689
0.389508
0.348438
0.326017
0.333738
0.32679
0.322519
0.310451
0.434892
0.593971
0.317462
0.316577
0.350111
0.307792
0.286791
0.289009
0.298746
0.377313
0.422402
0.484831
0.408605
0.65201
0.385712
0.657056
0.532979
0.372472
0.375621
0.370713
0.402332
0.412519
0.441998
0.375684
0.363656
0.552857
0.4947
0.466946
0.576183
0.541395
0.427541
0.599236
1.29115
0.742942
0.738598
0.394836
0.375621
0.361339
0.375156
0.408581
0.468542
0.435011
0.433361
0.387143
0.594803
0.617692
0.415397
0.640512
0.346815
0.491724
0.349605
0.354754
0.539743
0.479361
0.758436
0.718889
0.567859
0.33357
0.525619
0.35653
0.35736
0.388873
0.562672
0.470747
0.483124
0.529617
0.402338
0.555388
0.340995
0.404865
0.607007
0.380944
0.374039
0.414969
0.404376
0.357993
0.402169
0.35316
0.512662
0.325885
0.332403
0.487049
0.452285
0.522274
0.464819
0.47397
0.471725
0.303582
0.283461
0.428434
0.300849
0.2828
0.737467
1.02317
0.447197
1.10458
0.531094
0.660914
0.541108
0.357082
0.572735
0.6119
0.337191
0.493414
0.327522
0.38088
0.311222
0.29141
0.338785
0.326357
0.339951
0.405293
0.541883
0.660773
0.522508
0.316854
0.392784
0.384976
0.456609
0.442195
0.362149
0.377455
0.37589
0.368661
0.345949
0.335115
0.354178
0.441343
0.317727
0.538264
0.405526
0.357528
0.383167
0.37123
0.313834
0.42037
0.42078
0.552891
0.685265
0.483177
0.367971
0.462098
0.349473
0.373797
0.343139
0.345145
0.409789
0.355583
0.323481
0.576281
0.874879
0.518221
0.514457
0.608558
0.611834
0.528043
0.563381
0.716633
0.431059
0.528119
0.620067
0.492367
0.374379
0.449986
0.400339
0.449351
0.545104
0.478501
0.480205
0.465311
0.696511
0.662586
0.375802
0.432422
0.404576
0.356007
0.46899
0.366852
0.44209
0.321392
0.358738
0.441285
0.585057
0.608238
0.589961
0.509984
0.401188
0.349114
0.690844
0.331795
0.332722
0.375105
0.332107
0.324982
0.371085
0.404374
0.342978
0.367427
0.357259
0.590981
0.408209
0.370552
0.353615
0.387163
0.611643
0.358427
0.30683
0.318845
0.300715
0.449159
0.318677
0.307757
0.297594
0.301755
0.31151
0.377067
0.476395
0.445861
0.658603
0.328411
0.313201
0.439753
0.325465
0.3148
0.361724
0.275916
0.26488
0.261671
0.483762
0.2324
0.260089
0.244032
0.420346
0.42811
0.485563
0.232937
0.443583
0.289403
0.267687
0.292714
0.280131
0.279177
0.244891
0.246148
0.349703
0.274304
0.340931
0.256559
0.299147
0.404561
0.459968
0.373561
0.319028
0.392393
0.250531
0.258189
0.295613
0.233737
0.277624
0.408146
0.343874
0.271779
0.406763
0.436796
0.337442
0.411758
0.265606
0.384126
0.258555
0.258311
0.356605
0.244238
0.300652
0.240011
0.215489
0.256168
0.368868
0.424524
0.280303
0.257664
0.276818
0.306099
0.403927
0.40201
0.353909
0.373793
0.335287
0.316839
0.283324
0.240395
0.227385
0.378223
0.251232
0.370444
0.398031
0.345814
0.364593
0.340995
0.228102
0.216335
0.332582
0.30676
0.443544
0.445919
0.402629
0.301568
0.503488
0.470647
0.309058
0.314236
0.35766
0.27819
0.29477
0.242511
0.258661
0.252691
0.24986
0.386264
0.266055
0.25437
0.243686
0.261857
0.257392
0.247463
0.34595
0.38797
0.561648
0.557784
0.473102
0.493019
0.899598
0.755986
0.52118
0.500387
0.48065
0.51354
0.336013
0.303318
0.528636
0.29079
0.307262
0.299392
0.42204
0.447823
0.330008
0.435447
0.404428
0.397672
0.479098
0.502143
0.402211
0.385983
0.368544
0.385402
0.383325
0.304476
0.478924
0.279183
0.370593
0.445758
0.334347
0.438339
0.403407
0.353341
0.382349
0.40746
0.399469
0.509841
1.1322
0.269286
0.374885
0.427343
0.416757
0.257837
0.365257
0.403448
0.285426
0.303597
0.278354
0.404708
0.28465
0.494097
0.569066
0.535245
0.39578
0.284597
0.279027
0.433046
0.282404
0.287522
0.259261
0.274576
0.262199
0.256247
0.263681
0.300672
0.285244
0.395718
0.363578
0.370066
0.336994
0.321197
0.275344
0.273311
0.277962
0.244984
0.242014
0.285462
0.235592
0.250694
0.381361
0.611788
0.357241
0.311267
0.363852
0.417339
0.272944
0.279623
0.332085
0.315278
0.285986
0.263307
0.428169
0.281897
0.26223
0.385878
0.321128
0.304717
0.34913
0.462038
0.281609
0.270728
0.260926
0.486022
0.50407
0.575965
0.47843
0.361454
0.55387
0.43343
0.509915
0.408781
0.318307
0.298725
0.346993
0.297825
0.276856
0.44071
0.417789
0.28453
0.262074
0.340872
0.322761
0.582388
0.277128
0.282791
0.261972
0.411902
0.289765
0.400858
0.596156
0.599788
0.412103
0.587081
0.439799
0.30583
0.336322
0.321237
0.465556
0.380731
0.27159
0.293617
0.460057
0.411297
0.260987
0.248001
0.234658
0.385352
0.329132
0.308859
0.265447
0.372936
0.281461
0.245924
0.232056
0.289067
0.310147
0.370231
0.331302
0.361825
0.240081
0.254324
0.291762
0.405096
0.246502
0.258532
0.262454
0.400445
0.264453
0.274314
0.283531
0.273101
0.253863
0.36809
0.258471
0.504044
0.35858
0.314712
0.321654
0.299105
0.32561
0.310827
0.48832
0.287693
0.299798
0.368251
0.599767
0.595782
0.358131
0.436776
0.434447
0.447408
0.466308
0.358151
0.322178
0.315669
0.306043
0.31141
0.308873
0.308877
0.407003
0.313758
0.292961
0.433887
0.360716
0.330891
0.278818
0.285491
0.248262
0.504329
0.572631
0.304373
0.593473
0.483396
0.666186
0.257908
0.415429
0.250776
0.297642
0.439783
0.439549
0.291925
0.284592
0.428193
0.298121
0.375386
0.298941
0.398939
0.401538
0.431489
0.41574
0.473413
0.433907
0.534247
0.273397
0.25031
0.263177
0.255065
0.494483
0.272794
0.510136
0.335492
0.271653
0.423228
0.347198
0.260387
0.323893
0.431653
0.390748
0.3102
0.281081
0.281227
0.279191
0.48595
0.267331
0.403492
0.484312
0.43006
0.304488
0.49322
0.364664
0.301172
0.269783
0.276406
0.27207
0.298177
0.270453
0.504214
0.467053
0.272983
0.274236
0.565938
0.258385
0.389218
0.340352
0.85098
0.671786
0.39954
0.427206
0.345126
0.544502
0.436599
0.69583
0.339309
0.300455
0.276133
0.295026
0.276547
0.313345
0.279561
0.42345
0.408937
0.29777
0.312831
0.27735
0.285358
0.375102
0.360021
0.371622
0.365548
0.434012
0.343065
0.649942
0.418989
0.459995
0.886843
0.55833
0.576425
0.330355
0.309137
0.484857
0.420575
0.292128
0.300493
0.299659
0.33544
0.284998
0.302054
0.453684
0.280498
0.432093
0.452609
0.302908
0.256104
0.253354
0.240259
0.305989
0.308396
0.269473
0.393185
0.248359
0.401522
0.763277
0.262381
0.317996
0.364521
0.626323
0.523584
0.281046
0.433962
0.459416
0.434726
0.429665
0.426409
0.471075
0.467419
0.304786
0.297214
0.466945
0.447759
0.391563
0.370489
0.368563
0.400865
0.3261
0.401974
0.252999
0.252292
0.477845
0.26033
0.277357
0.267236
0.254317
0.233853
0.263208
0.23993
0.234079
0.257058
0.271385
0.327829
0.283718
0.243759
0.387451
0.395496
0.914088
0.423949
0.571777
0.461058
0.258343
0.441576
0.428819
0.589338
0.478826
0.29555
0.255176
0.460598
0.298349
0.417193
0.387858
0.325917
0.355664
0.418701
0.247804
0.250763
0.315348
0.242093
0.275995
0.246729
0.543965
0.390357
0.434453
0.557424
0.506833
0.444087
0.271904
0.257097
0.341006
0.435089
0.435403
0.334461
0.328912
0.284756
0.23853
0.283707
0.238826
0.365378
0.368802
0.317967
0.390868
0.502781
0.404167
0.555668
0.897074
0.236061
0.472364
0.283888
0.434407
0.369303
0.301004
0.339591
0.341632
0.303613
0.435194
0.439741
0.271682
0.269405
0.50819
0.479565
0.482157
0.357258
0.294342
0.294803
0.426472
0.276536
0.347439
0.26649
0.295771
0.434636
0.289457
0.228993
0.26946
0.317856
0.388807
0.394111
0.525
0.317241
0.323263
0.348985
0.40938
0.404899
0.295631
0.311202
0.433412
0.401492
0.419098
0.267987
0.273162
0.463008
0.238792
0.379776
0.38778
0.301477
0.342036
0.287442
0.314426
0.301102
0.294948
0.309346
0.428204
0.268313
0.251775
0.257843
0.293106
0.3162
0.260792
0.233225
0.332555
0.397639
0.287369
0.618459
0.48197
0.475301
0.412883
0.294262
0.265349
0.406527
0.287903
0.279856
0.253932
0.258365
0.334571
0.342041
0.291173
0.311751
0.305374
0.432785
0.27827
0.437805
0.352533
0.754045
0.431479
0.609052
0.285794
0.435979
0.287029
0.303108
0.286488
0.325579
0.304111
0.425702
0.362047
0.296978
0.289483
0.476822
0.285557
0.302438
0.30603
0.523354
0.495813
0.525491
0.379843
0.321632
0.329692
0.325753
0.273328
0.32826
0.294837
0.409844
0.4252
0.322557
0.364326
0.442201
0.540977
0.353257
0.395958
0.291921
0.367613
0.302545
0.288419
0.299907
0.300556
0.436896
0.292251
0.477697
0.272652
0.449095
0.401963
0.295504
0.291448
0.28147
0.384668
0.34015
0.349151
0.464827
0.322482
0.335572
0.29953
0.322224
0.386855
0.302258
0.480338
0.38157
0.488131
0.321047
0.421897
0.331857
0.466818
0.429414
0.32359
0.432685
0.320217
0.714631
0.306777
0.54176
0.403556
0.503103
0.46161
0.3766
0.291297
0.30056
0.556857
0.301454
0.312923
0.333704
0.442945
0.30015
0.453743
0.315641
0.47323
0.499588
0.43769
0.254447
0.389483
0.335542
0.524054
0.375689
0.471787
0.680801
0.482982
0.434247
0.277526
0.454927
0.284327
0.286363
0.450531
0.294814
0.288143
0.499678
0.454344
0.444279
0.440189
0.520718
0.580888
0.495629
0.50438
0.471761
0.594072
0.334744
0.344452
0.439257
0.512468
0.332047
0.311528
0.339986
0.331556
0.31316
0.31029
0.285318
0.418744
0.287022
0.330489
0.579869
0.418359
0.330257
0.404966
0.322653
0.338331
0.414163
0.308666
0.296424
0.334685
0.339102
0.317323
0.289163
0.310574
0.437997
0.3526
0.3182
0.316815
0.314662
0.579653
0.534575
0.323406
0.332432
0.337374
0.38487
0.35104
0.493851
0.314429
0.296482
0.40357
0.473045
0.425644
0.685956
0.316259
0.513375
0.510241
0.447309
0.584187
0.453196
0.392352
0.478524
0.35664
0.333592
0.516302
0.328555
0.579871
0.796025
0.693998
0.594537
0.642156
0.557407
0.484411
0.466427
0.519994
0.464288
0.448104
0.450986
0.493597
0.283112
0.414945
0.279407
0.326986
0.411081
0.359524
0.412543
0.42832
0.457607
0.327198
0.307345
0.415395
0.29525
0.274648
0.261006
0.252297
0.245806
0.308127
0.393758
0.250448
0.339033
0.286154
0.521741
0.417974
0.455475
0.259133
0.278214
0.681746
0.274066
0.268327
0.313985
0.390472
0.305956
0.357614
0.362752
0.333035
0.250827
0.304668
0.385555
0.368213
0.43978
0.354487
0.384511
0.301781
0.282307
0.25589
0.280453
0.232878
0.258485
0.291005
0.2843
0.378469
0.285471
0.318874
0.367537
0.472539
0.522001
0.438775
0.293571
0.30679
0.273355
0.2462
0.249168
0.372289
0.39661
0.257441
0.221496
0.22595
0.210699
0.223308
0.408904
0.358255
0.674247
0.412658
0.616081
0.631385
0.631008
0.394638
0.607863
0.568893
0.722754
0.408493
0.665379
0.528199
0.362183
0.40422
0.447933
0.490412
0.473358
0.590061
0.589135
0.463742
0.751711
0.685384
0.733314
0.70284
0.760472
0.597026
0.584926
0.733818
0.679538
0.333634
0.336704
0.351888
0.422052
0.358778
0.514212
0.344199
0.425601
0.569345
0.406062
0.58933
0.634711
0.474262
0.488412
0.409846
0.319759
0.331449
0.409125
0.363611
0.400967
0.56663
0.369207
0.377469
0.389939
0.459239
0.39657
0.79099
0.411917
0.591896
0.412091
0.60583
0.36941
0.352067
0.369296
0.36671
0.389859
0.41514
0.387857
0.641645
0.600563
0.553436
0.365958
0.636111
0.497836
0.524734
0.395314
0.450523
0.365698
0.425262
0.370077
0.406589
0.700946
0.408888
0.53021
0.410435
0.423129
0.492838
0.539675
0.507063
0.469289
0.441089
0.464459
0.462205
0.846787
0.498725
0.547897
0.390553
0.409292
0.422169
0.414341
0.545714
0.418527
0.684155
0.466614
0.378525
0.416612
0.398241
0.402728
0.515747
0.619401
1.01514
0.627467
0.638017
1.23784
0.523727
0.469091
0.772663
0.542757
0.453802
0.519732
0.561363
0.410464
0.722977
0.446285
0.469769
0.433759
0.448636
0.532272
0.444984
0.401145
0.625885
0.810826
0.416147
0.39857
0.39017
0.437542
0.734653
0.469916
0.350918
0.487623
0.86741
0.503172
0.383749
0.364508
0.496757
0.449853
0.473459
0.405967
0.35513
0.494564
0.807878
0.416235
0.475277
0.383795
0.529099
0.477892
0.392475
0.388889
0.626471
0.380903
0.544364
0.533832
0.535348
0.417404
0.567327
0.638059
0.641991
0.527784
0.617816
0.657739
0.3934
0.58163
0.497073
0.358748
0.536469
0.428123
0.350904
0.419603
0.310138
0.33368
0.261309
0.281605
0.366549
0.973919
0.76113
0.497074
0.327655
0.944225
0.35166
0.468598
0.38627
0.431918
0.32815
0.377555
0.31174
0.404597
0.508852
0.315454
0.293027
0.37895
0.422876
0.504099
0.327615
0.54301
0.401669
0.374942
0.336073
0.308196
0.428415
0.421858
0.53701
0.512687
0.401618
0.427427
0.373263
0.445941
0.263586
0.252995
1.00484
0.374569
0.596005
0.268827
0.299931
0.655442
0.721256
0.763387
0.437802
0.426669
0.527385
0.397617
0.423567
0.678124
2.3138
0.63473
0.479046
0.675782
0.680425
0.599811
0.636436
0.663465
0.677986
0.60466
0.485049
0.628478
0.398833
0.352522
0.604596
0.72802
0.617072
0.543887
0.625585
0.553128
0.615011
0.524041
0.407349
0.357625
0.485711
0.537063
0.597893
0.348866
0.698162
0.617829
0.429687
0.748119
0.517987
0.41972
0.476919
0.44586
0.458777
0.479373
0.432488
0.443366
0.402464
0.404784
0.425641
0.501533
0.379652
0.586091
0.3941
1.33628
0.5635
0.628318
0.610441
0.346372
0.366781
0.297424
0.433324
0.452382
0.268599
0.414847
0.668859
0.602407
0.362306
0.826158
0.639858
0.330601
0.29796
0.36466
0.334136
0.301266
0.466307
0.320882
0.307583
0.283288
0.650431
0.326603
0.320105
0.311636
0.296997
0.266892
0.289553
0.368265
0.324904
0.325852
0.315533
0.297797
0.251579
0.353748
0.279494
0.457262
0.509236
0.53617
0.279376
0.479548
0.289233
0.292206
0.283973
0.377645
0.387764
0.323136
0.268472
0.251758
0.294705
0.420542
0.295768
0.406166
0.248065
0.27735
0.527898
0.342
0.358672
0.47084
0.377452
0.313477
0.284972
0.273524
0.252637
0.24302
0.370521
0.232103
0.230226
0.356066
0.33107
0.445903
0.214539
0.205209
0.343473
0.313714
0.214015
0.28287
0.391241
0.201392
0.264224
0.391678
0.331484
0.224764
0.303577
0.218278
0.187193
0.216297
0.217648
0.223363
0.222392
0.500774
0.385029
0.258486
0.226732
0.307553
0.343561
0.513736
0.398392
0.344129
0.462256
0.237273
0.278788
0.241189
0.289818
0.258275
0.202496
0.213878
0.338655
0.213833
0.2153
0.208754
0.271843
0.212575
0.212206
0.394079
0.259915
0.33112
0.316051
0.354368
0.244225
0.251705
0.357325
0.268751
0.297771
0.486083
0.362689
0.413392
0.326083
0.299932
0.261408
0.228003
0.280262
0.256958
0.439346
0.254288
0.23942
0.252119
0.267638
0.247065
0.351092
0.375518
0.432872
0.352313
0.372602
0.522646
0.492574
0.61461
0.658005
0.622447
0.357096
0.737251
0.44938
0.42232
0.566489
0.728052
0.419171
0.449
0.381888
0.441511
0.691165
0.414681
0.436842
0.391159
0.404982
0.453166
0.376769
0.42261
0.410067
0.393186
0.462004
0.64732
0.627486
0.669024
0.697669
0.87041
0.680101
0.640249
0.57098
0.562467
0.430094
0.372051
0.386794
0.426916
0.337922
0.309463
0.837293
0.303939
0.72797
0.327333
0.555347
1.26092
0.39695
0.510578
0.738522
0.542746
0.672391
0.445114
0.489786
0.408489
0.477811
0.679798
0.369023
0.412217
0.477677
0.631584
0.641039
0.425323
0.669161
0.726953
0.42293
0.359019
0.410558
0.304751
0.328092
0.662137
0.445192
0.73097
0.736457
0.574674
0.359144
0.346542
0.369565
0.335801
0.378181
0.56573
0.361147
0.403254
0.368845
0.373258
0.422195
0.31128
0.44991
0.536752
0.380973
0.275605
0.290238
0.364856
0.347957
0.372438
0.6396
0.36051
0.660161
0.305729
0.349112
0.552442
0.333502
0.408549
0.461318
0.654996
0.632376
0.60976
0.492963
0.345038
0.419422
0.617787
0.382988
0.445531
0.384877
0.464821
0.540583
0.565186
0.499353
0.555324
0.339801
0.33938
0.605184
0.56481
0.421128
0.546315
0.34262
0.784877
0.686935
0.448846
0.371766
0.39975
0.34667
0.432878
0.685764
0.435623
0.356167
0.469109
0.437192
0.40356
0.377342
0.33956
0.36388
0.710179
0.439231
0.362332
0.321824
0.660127
0.396529
0.404149
0.352175
0.344488
0.368265
0.356629
0.341763
0.292254
0.358527
0.65758
0.744003
0.590463
0.433509
0.586256
0.325983
0.341463
0.349631
0.43857
0.528932
0.305896
0.527589
0.519397
0.380625
0.485995
0.530119
0.460656
0.657073
0.472034
0.823434
0.515548
0.815295
0.40231
0.300562
0.347321
0.356938
0.328111
0.326717
0.358961
0.355933
0.409492
0.500663
0.630308
0.363454
0.626198
0.368971
0.513798
0.576921
0.580028
0.42195
0.540873
0.685819
0.506717
0.628562
0.597848
0.607928
0.616751
0.419749
0.528523
0.401464
0.622456
0.599364
0.793179
0.598443
0.339993
0.430659
0.663348
0.375158
0.435818
0.520393
0.495081
0.426171
0.644525
0.400333
0.374588
0.353608
0.35822
0.560877
0.372633
0.348332
0.406779
0.531528
0.574668
0.610267
0.54072
0.505296
0.463706
0.554737
0.425545
0.568677
0.434708
0.572068
0.586361
0.61625
0.516934
0.387379
0.323412
0.35522
0.349289
0.457433
0.425411
0.411256
0.373163
0.576055
0.529641
0.903396
0.363139
0.526383
0.65229
0.469072
0.427774
0.495846
0.414997
0.492078
0.382067
0.517614
0.514923
0.351963
0.332518
0.342979
0.476257
0.477001
0.600656
0.456987
0.536489
0.400382
0.528892
0.411687
0.426457
0.545465
0.912536
0.497412
0.41169
0.409897
0.520643
0.392084
0.655679
0.441832
0.664376
0.626883
0.636793
0.438384
0.397337
0.348313
0.458389
0.572537
0.779632
0.643323
0.438844
0.672096
0.529148
2.70112
0.591267
0.332657
0.344145
0.599434
0.318807
0.335411
0.506168
0.692525
0.560628
0.388011
0.385585
0.385076
0.530776
0.371424
0.487959
1.03476
0.648038
0.673006
0.407485
0.995541
0.473992
0.401359
0.383032
0.575683
0.482451
0.508741
0.572766
0.460778
0.714944
0.69312
0.609176
0.71035
0.479932
0.495242
0.593268
0.373216
0.625941
0.575045
0.596456
0.650905
0.579268
0.417274
0.380131
0.58425
0.682268
0.706234
0.470932
0.427818
0.460927
0.40369
0.555183
0.363684
0.637908
0.648955
0.566492
0.505564
0.411447
0.438221
0.471756
0.777131
0.396448
0.462531
0.674617
0.466827
0.457974
0.435991
0.722555
0.661163
0.604729
0.750089
0.738976
0.661968
0.744289
0.566973
0.468665
0.453116
0.710875
0.558086
0.508074
0.869061
0.455439
0.48234
0.480327
0.401614
0.393109
0.607792
0.635235
0.467466
0.43734
0.564599
0.64651
0.707878
0.759613
0.691667
0.7074
0.576726
0.49383
0.422696
0.537864
0.443706
0.44381
0.780198
0.434783
0.705478
0.687679
0.460484
0.719893
0.699584
0.863312
0.487482
0.683955
0.580716
0.638436
0.449201
0.463266
0.433251
0.625469
0.61546
0.497483
0.654422
0.615827
0.431255
0.393909
0.58144
0.47702
0.678676
0.441248
0.60294
0.593291
1.05624
0.421992
0.403431
0.620712
0.6392
0.367488
0.480621
0.470663
0.623694
0.488152
0.436816
0.44779
0.545341
0.361685
0.349153
0.499892
0.658982
0.541486
0.414264
0.656979
0.428101
0.517811
1.15263
0.713646
0.702543
0.71351
0.717088
0.67814
0.636761
0.485135
0.692521
0.416208
0.461804
0.466057
0.6113
0.403552
0.678105
0.509843
0.714694
0.443356
0.748517
0.416028
0.379815
0.725524
1.12174
0.687653
0.63362
0.477217
0.366531
0.541609
0.383321
0.617549
0.620463
0.42496
0.554216
0.633301
0.366143
0.585738
0.435818
0.479391
0.629796
0.613622
0.746911
0.745565
0.495205
0.705652
0.487884
0.407426
0.661838
0.528198
0.464448
0.420693
0.426381
0.468328
0.421552
0.436239
0.444211
0.49594
0.761318
0.728997
0.806052
0.523875
0.872939
0.738732
0.86425
0.773859
0.629878
0.422177
0.702917
0.395147
0.716645
0.754124
0.661347
0.447107
0.687736
0.674642
0.426084
0.573187
0.436181
0.510446
0.500395
0.479053
0.445412
0.452723
0.532526
0.496741
0.595794
0.719477
0.633779
0.802095
0.670226
0.551551
0.864445
0.467407
0.53528
0.404781
0.460404
0.64954
0.582559
0.608216
0.596181
0.379506
0.424067
0.573482
0.433242
0.361062
0.403211
0.384713
0.456945
0.470864
0.429081
0.382749
0.357669
0.565768
0.489734
0.416328
0.692434
0.713609
0.698178
0.497492
0.801617
0.78313
0.645395
0.511059
0.655292
0.800417
0.681475
0.538293
0.537668
0.6338
0.555206
0.538347
0.685323
0.7856
0.725716
0.921838
0.798458
0.858958
0.812284
0.389757
0.407614
0.401632
0.604074
0.361914
0.380254
0.411986
0.436953
0.431055
0.713508
0.554096
0.32673
0.443147
0.386983
0.35032
0.375841
0.421588
0.389367
0.406179
0.368613
0.365497
0.539304
0.80267
0.349091
0.47864
0.623351
0.582206
0.594577
0.742108
0.575755
0.734602
0.481632
0.478025
0.407258
0.362324
0.576623
0.344104
0.624744
0.351747
0.337545
0.600551
0.620876
0.646773
0.872118
0.699392
0.927584
0.592709
0.354897
0.467751
0.603543
0.612309
0.765606
0.605459
0.360023
0.360773
0.357645
0.661235
0.347568
0.363363
0.37957
0.61741
0.506989
0.531669
0.337927
0.43802
0.341148
0.379682
0.361511
0.615385
0.336125
0.345945
0.324043
0.330582
0.44132
0.331765
0.340884
0.318985
0.30403
0.470196
0.324157
1.17758
0.401483
0.569925
0.633744
0.380004
0.504108
0.363376
0.402261
0.345953
0.331145
0.377833
0.301356
0.313249
0.277824
0.389913
0.272557
0.261069
0.293435
0.53787
0.373565
0.425295
0.416813
0.487416
0.394214
0.299996
0.451036
0.29343
0.438359
0.317364
0.308671
0.542361
0.475074
0.381873
0.402967
0.281055
0.325367
0.454966
0.291071
0.495965
0.286638
0.47375
0.394131
0.608205
0.457316
0.412257
0.383386
0.490682
0.587102
0.698556
0.582993
0.455805
0.53755
0.407348
0.534959
0.369161
0.521097
0.338183
0.352884
0.35896
0.576603
0.564733
0.467448
0.557665
0.564146
0.427697
0.495084
0.436442
0.543636
0.613243
0.388164
0.461243
0.470619
0.429426
0.454621
0.422549
0.384433
0.389715
0.371217
0.381088
0.666203
0.566205
0.553332
0.533575
0.570915
0.83192
1.1194
0.397618
0.466475
0.774937
0.445375
0.444923
0.577673
0.406709
0.529887
0.500238
0.403396
0.409053
0.626133
0.422374
0.405823
0.540408
0.935564
0.776822
0.531135
0.529561
0.652879
0.475806
0.584794
0.637239
0.994748
0.707091
0.403762
0.659238
0.47652
0.526974
0.456294
0.442463
0.657865
0.657729
0.594178
0.44128
0.442271
0.535095
0.487752
0.531241
0.47276
0.502546
0.709393
0.698964
0.495436
0.406359
0.515542
0.722568
0.58131
0.556715
0.48222
0.594495
0.498773
0.608871
0.501395
0.487866
0.650337
0.658943
0.821084
0.70748
0.429028
0.652074
0.455114
0.409629
0.439927
0.468168
0.445755
0.709564
0.393119
0.507698
0.575715
0.398865
0.533834
0.768139
0.596705
0.638747
0.443878
0.554787
0.672042
0.608611
0.444666
0.441801
0.586091
0.507532
0.421217
0.392013
0.441591
0.516953
0.45227
0.382798
0.369438
0.425908
0.444265
0.576515
0.543086
0.519369
0.508003
0.598214
0.789437
0.608238
0.494151
0.779684
0.944647
0.673028
0.699947
0.483035
0.462181
0.433609
0.429166
0.427324
0.439956
0.424601
0.386809
0.442506
0.595321
0.483124
0.444094
0.533667
0.496113
0.427069
0.462117
0.897121
0.498916
0.68455
0.578378
0.433009
0.517536
0.51081
0.533507
0.514858
0.438807
0.792316
0.782295
0.693033
0.55243
0.736863
0.755422
0.68219
0.790137
0.458671
0.690226
0.427927
0.392585
0.402477
0.444115
0.576938
0.366928
0.606157
0.569186
0.999956
0.816358
0.516218
0.483278
0.7888
0.468712
0.438455
0.770736
0.799564
0.66042
0.580611
0.791159
0.502123
0.713033
0.693896
0.703255
0.716805
1.08031
0.964028
0.90904
0.930461
1.4651
0.779404
0.458298
0.461621
0.486575
0.772892
0.584203
0.421812
0.553922
0.724616
0.416412
0.417358
0.49349
0.431801
0.419213
0.53371
0.447312
0.550966
0.744126
0.549588
0.863009
0.643942
0.691031
0.814242
0.58395
0.476646
0.47085
0.473295
0.402124
0.545273
0.455781
0.70758
0.397985
0.441101
0.366152
0.588555
0.51241
0.5745
0.363305
0.54861
0.370295
0.339701
0.381505
0.577119
0.44653
1.1941
0.52247
0.575448
0.397119
0.706053
0.422371
0.599488
0.433473
0.695162
0.437779
0.375828
0.392992
0.377866
0.545866
0.608709
0.417412
0.378695
0.373996
0.354286
0.372619
0.43273
0.332486
0.398496
0.386435
0.368719
0.576008
0.672121
0.764028
0.595344
0.371388
0.399452
0.47991
0.404702
0.409946
0.416645
0.611454
0.537352
0.660063
0.590981
0.589084
0.570023
0.359276
0.351855
0.363666
0.603612
0.381384
0.341819
0.316049
0.331813
0.297344
0.325862
0.336491
0.291497
0.297155
0.298325
0.461907
0.299002
0.282099
0.311909
0.348702
0.274543
0.328395
0.46314
0.339161
0.386137
0.334458
0.568319
0.43197
0.557588
1.33579
0.541046
0.464959
0.555654
0.556996
0.376253
0.360792
0.353952
0.443332
0.312813
0.340245
0.45452
0.540295
0.542091
0.471024
0.499207
0.50482
0.350239
0.416362
0.405114
0.525025
0.379627
0.412088
0.456606
0.514364
0.561754
0.41562
0.526159
0.369307
0.551924
0.571988
0.586862
0.564766
0.495463
0.653748
0.599612
0.425532
0.330601
0.498692
0.515499
0.458705
0.591398
0.488129
0.449394
0.529727
0.506438
0.443841
0.481259
0.352161
0.449568
0.314615
0.430513
0.297087
0.313745
0.42965
0.302479
0.31229
0.297761
0.401885
0.351058
0.375013
0.415068
0.325506
0.301446
0.296115
0.504438
0.427954
0.23647
0.359749
0.219184
0.368678
0.21045
0.345292
0.35373
0.300228
0.224326
0.23288
0.231789
0.209841
0.321828
0.221454
0.214804
0.20934
0.315633
0.25579
0.222007
0.216616
0.309741
0.229095
0.280588
0.320926
0.338218
0.43368
0.530117
0.234726
0.363492
0.33415
0.260886
0.290755
0.308196
0.389473
0.343098
0.466777
0.326921
0.447037
0.415164
0.299559
0.324712
0.278324
0.267809
0.323713
0.399548
0.305106
0.431322
0.364819
0.591719
0.427885
0.434952
0.457115
0.297344
0.25462
0.305848
0.260856
0.446875
0.287012
0.749327
0.425677
0.372619
0.325262
0.391447
0.396771
0.393504
0.399895
0.410533
0.884638
0.623829
0.667677
0.484673
0.710295
0.708005
0.525278
0.451051
0.412887
0.367759
0.74804
0.489347
0.663844
0.451421
0.375864
0.381099
0.598486
0.623971
0.553824
0.383469
0.360471
0.733892
0.293733
0.344107
0.369265
0.304155
0.265458
0.264394
0.251149
0.2653
0.26474
0.377418
0.273131
0.440936
0.273919
0.281633
0.403652
0.398624
0.598331
0.474462
0.348458
0.440299
0.367632
0.391394
0.522356
0.275916
0.282022
0.324967
0.426796
0.264465
0.285196
0.435143
0.391673
0.312634
0.25165
0.448167
0.298152
0.558403
0.327841
0.448731
0.361656
0.420771
0.34711
0.360532
0.357791
0.40346
0.656905
0.486121
0.355859
0.352501
0.433468
0.373087
0.485629
0.351211
0.474054
0.489663
0.586834
0.322573
0.828997
0.513076
0.673065
0.622956
0.554835
0.416742
0.653428
0.334194
0.290154
0.401639
0.305474
0.511451
0.320893
0.423551
0.372004
0.34906
0.522674
0.435312
0.498984
0.596431
0.525813
0.553796
0.65227
0.364828
0.385848
0.511958
0.53511
0.37577
0.606607
0.610348
0.367803
0.387928
0.419964
0.711804
0.404946
0.386022
0.377239
0.329165
0.400664
0.330371
0.306851
0.336969
0.546291
0.446737
0.443763
0.377881
0.329227
0.42625
0.740374
0.604012
0.438463
0.637197
0.676373
0.525974
0.556412
0.392345
0.63715
0.472665
0.436217
0.707383
0.677694
0.63424
0.496163
0.449828
0.423517
0.39757
0.516227
1.10479
0.536252
0.815413
0.561196
0.914704
0.425008
0.605916
0.418496
0.391627
0.664992
0.607941
0.589614
0.565099
0.621821
0.647659
0.444142
0.641609
0.45877
0.572756
0.615297
0.690894
0.82397
0.53026
0.704021
0.578795
0.750274
0.54598
0.462623
0.466405
0.475664
0.527271
0.611011
0.946189
0.768518
0.717965
0.465597
0.443164
0.455325
0.999393
0.632618
0.509488
0.872409
1.18082
0.749139
0.844983
0.655741
0.832692
0.817207
0.699945
0.685875
0.66962
0.675457
0.743445
1.01703
0.438241
0.64302
0.515226
0.892598
0.780054
0.465272
0.46787
0.49589
0.643088
0.856823
0.759371
0.500241
0.956382
0.547622
0.526448
0.816311
0.843742
0.90151
1.12426
1.29198
1.04808
0.799456
0.777178
0.783137
0.569717
0.532141
1.60717
0.532708
0.559864
0.548174
0.813455
0.548456
0.63962
0.733336
0.446639
0.707733
0.601563
0.743401
0.759287
0.86414
0.941863
0.681621
0.860733
0.78714
0.514062
0.902351
0.634709
0.945555
0.804385
0.80006
0.831142
0.821325
0.717782
0.792289
0.79312
0.846605
0.868618
1.31916
0.831771
0.835201
0.838577
0.830364
0.680828
0.42475
0.50416
0.41875
0.35109
0.382179
0.388866
0.476072
0.712842
0.864649
0.742681
0.669024
0.609022
0.698253
0.444846
0.605298
0.513055
0.708235
0.752707
0.739895
0.43664
0.625239
0.619158
0.434353
0.656352
0.752343
0.687033
0.825469
0.624884
0.695852
0.366695
0.378362
0.330124
0.345365
0.579794
0.487384
0.452236
0.4747
0.330974
0.491606
0.420511
0.770361
0.708292
0.502456
0.498169
0.443448
0.382437
0.387563
0.401286
0.567517
0.580486
0.368436
0.548739
0.447565
0.537893
0.493082
0.515535
0.463536
0.506208
0.47347
0.335213
0.512382
0.450736
0.32042
0.399175
0.32425
0.505637
0.298549
0.33263
0.484866
0.534356
0.307955
0.323233
0.480282
0.342805
0.462304
0.270336
0.444186
0.282552
0.412242
0.297786
0.298877
0.308239
1.33727
0.305033
0.432607
0.288868
0.564632
0.46409
0.348965
0.364948
0.314836
0.401128
0.324801
0.351154
0.643548
0.352187
0.543047
0.346188
0.348892
0.735694
0.373956
0.355577
0.320097
0.417948
0.47354
0.710111
0.417091
0.359883
0.504784
0.400034
0.41018
0.326521
0.546274
0.763105
0.361713
0.409962
0.45151
1.45189
0.477443
0.426692
0.395303
0.438368
0.343898
0.343228
0.324981
0.386583
0.446404
1.55838
0.34303
0.592331
0.513257
0.357168
0.356967
0.567225
0.356894
0.392288
0.549616
0.403195
0.322156
0.422919
0.409641
0.348133
0.465719
0.549806
0.587234
0.367718
0.380284
0.34855
0.51048
0.469777
0.416707
0.43839
0.458987
0.519721
0.625981
0.782514
0.59658
0.448377
0.668053
0.610988
0.658949
0.421988
0.383289
0.641556
0.499904
0.391181
0.382651
0.446433
0.435598
0.501951
0.39158
0.338883
0.51949
0.39095
0.404626
0.503131
0.640358
0.714143
0.654735
0.38479
0.439944
0.388101
0.420886
0.373599
0.743267
0.437963
0.503403
0.621418
0.533195
0.598631
0.377917
0.385982
0.419666
0.32652
0.39358
0.455694
0.404668
0.40306
0.414674
0.353383
0.337016
0.386897
0.569921
0.425672
0.681742
0.718463
0.413185
0.534819
0.53225
0.321775
0.509695
0.533582
0.652829
0.312096
0.323428
0.696564
0.471606
0.756083
0.987525
0.602147
0.795985
0.487982
0.329138
0.490337
0.411644
0.43964
0.421132
0.613958
0.577208
0.606247
0.490864
0.555786
0.335453
0.606797
0.607334
0.417323
0.353011
0.360757
0.506201
0.348506
0.406073
0.472362
0.300039
0.465121
0.486963
0.289231
0.293568
0.293497
0.425901
0.277651
0.239684
0.408298
0.275713
0.214499
0.332381
0.336331
0.211469
0.199925
0.321892
0.293096
0.806121
0.385766
0.387398
0.220478
0.370755
0.357599
0.272706
0.384894
0.378362
0.327455
0.29192
0.28137
0.378596
0.251004
0.291994
0.373115
0.32148
0.364418
0.312659
0.381638
0.460873
0.356998
0.396741
0.258339
0.286185
0.21967
0.292608
0.378121
0.227876
0.24412
0.232188
0.248975
0.247256
0.371236
0.238106
0.309178
0.464192
0.262461
0.229734
0.349722
0.325387
0.306392
0.2629
0.386592
0.282335
0.265136
0.421561
0.363061
0.443782
0.49435
0.320407
0.299556
0.361258
0.294723
0.348285
0.339427
0.30802
0.292051
0.474633
0.299134
0.278616
0.43002
0.277169
0.260011
0.339294
0.373251
0.29608
0.343031
0.308954
0.351532
0.437896
0.385749
0.249122
0.308314
0.356262
0.282048
0.313506
0.478279
0.31163
0.465781
0.40485
0.264848
0.360319
0.482459
0.341671
0.359482
0.384918
0.397507
0.410127
0.354149
0.279016
0.293372
0.732179
0.380554
0.355346
0.326064
0.386916
0.421578
0.49644
0.333542
0.354457
0.432854
0.433691
0.507797
0.496295
0.347928
0.345407
0.373395
0.52497
0.329651
0.364055
0.500248
0.345229
0.491966
0.558072
0.341285
0.315613
0.309032
0.310098
0.34746
0.444825
0.324449
0.407725
0.515123
0.545831
0.513668
0.35443
0.560735
0.471529
0.504049
0.665655
0.780666
0.385164
0.596107
0.682195
0.577806
0.605282
0.629449
0.672699
0.686616
0.934838
0.77862
0.83829
0.830707
0.646404
0.556087
0.559784
0.559418
0.504732
0.533981
0.447651
0.309976
0.538137
0.480852
0.687831
0.466612
0.703546
0.660837
0.541858
0.394448
0.38617
0.371905
0.344814
0.351819
0.410061
0.377199
0.342726
0.571016
0.359593
0.467223
0.308617
0.367031
0.316339
0.296841
0.395532
0.373578
0.360065
0.352683
0.89285
0.559643
0.524003
0.51837
0.323562
0.336922
0.345387
0.648243
0.360029
0.351
0.323449
0.809713
0.529761
0.499892
0.298863
0.377012
0.261911
0.413404
0.393243
0.392925
0.672456
0.440152
0.361173
0.33564
0.427186
0.367567
0.317492
0.293184
0.386326
0.378221
0.397345
0.257904
0.270324
0.22783
0.315623
0.23444
0.398201
0.426354
0.24341
0.257884
0.239023
0.397133
0.574657
0.426576
0.323611
0.409105
0.281913
0.279004
0.316902
0.501744
0.639925
0.57936
0.658247
0.345181
0.468327
0.575317
0.324666
0.303138
0.445215
0.559588
0.31976
0.364168
0.437603
0.472612
0.330426
0.2793
0.4003
0.274752
0.460164
0.369494
0.43708
0.460062
0.552064
0.493648
0.713332
0.508043
0.845586
0.514091
0.519063
0.530103
0.442736
0.516393
0.373551
0.632341
0.345748
0.338811
0.457754
0.42106
0.5702
0.36703
0.550648
0.546151
0.494875
0.527484
0.416373
0.42054
0.546562
0.89594
0.554831
0.624607
0.564177
0.298999
0.425742
0.569958
0.327673
0.245208
0.229975
0.347081
0.239268
0.34012
0.210727
0.247773
0.226173
0.211892
0.374601
0.306967
0.354913
0.354419
0.283558
0.309931
0.261417
0.344191
0.515148
0.773437
0.206542
0.358885
0.33958
0.240289
0.223181
0.355415
0.358984
0.310558
0.273369
0.253436
0.374589
0.214324
0.264946
0.220648
0.206675
0.214818
0.305754
0.299392
0.235961
0.199649
0.191002
0.313619
0.170043
0.175283
0.310151
0.183516
0.252856
0.171303
0.241107
0.183088
0.261141
0.196301
0.25626
0.176588
0.396232
0.171425
0.258457
0.27161
0.264752
0.264449
0.231199
0.250167
0.271807
0.234987
0.262581
0.233971
0.366481
0.437999
0.329703
0.235631
0.278305
0.24463
0.230853
0.21912
0.237366
0.263327
0.342506
0.18193
0.213062
0.190632
0.249626
0.30034
0.301701
0.331129
1.31357
0.184543
0.19565
0.576431
0.334294
0.370362
0.40733
0.546404
0.573113
1.31831
0.414701
0.297292
0.537556
0.536692
0.439323
0.445054
0.402889
0.418861
0.294762
0.431601
0.440024
0.400091
0.301495
0.275604
0.414988
0.404585
0.461788
0.323701
0.388044
0.276293
0.598914
0.270653
0.457632
0.399245
0.379948
0.427614
0.441301
0.385742
0.681432
0.422205
0.466842
0.559988
0.4781
0.354254
0.616541
0.410822
0.486882
0.381032
0.474048
0.36881
0.544489
0.56815
0.351812
0.536803
0.419839
0.390789
0.479581
0.569963
0.515464
0.595006
0.471729
0.593106
0.434807
0.407358
0.370809
0.421062
0.352418
0.413042
0.352127
0.859635
0.619143
0.486033
0.311416
0.448328
0.353078
0.368665
0.488841
0.407042
0.337049
0.510204
0.321226
0.340577
0.538324
0.395053
0.628129
0.512714
0.513443
0.47977
0.284471
0.420688
0.509606
0.351416
1.11998
0.317253
0.305387
0.417614
0.285369
0.28474
0.285733
0.501256
0.44778
0.399991
0.427285
0.295132
0.467171
0.486359
0.409027
0.530469
0.468475
0.349681
0.296491
0.341758
0.30826
0.326785
0.488825
0.524923
0.336717
0.994074
0.336913
0.349524
0.516057
0.485672
0.392333
0.356363
0.320371
0.302066
0.308961
0.286243
0.410269
0.434025
0.544149
0.349761
0.328935
0.566875
0.418889
0.519869
0.377841
0.402144
0.329719
0.331118
0.33901
0.335733
0.402736
0.378164
0.521763
0.375928
0.376219
0.470686
0.331384
0.30632
0.30018
0.442394
0.332322
0.971787
0.528639
0.695367
0.478753
0.69108
0.484365
0.658323
0.612009
0.452802
0.560473
0.437422
0.522316
0.584407
0.620705
0.5037
0.510051
0.933022
0.4914
0.455467
0.475209
0.683925
0.577851
0.738379
0.772022
0.701919
0.769228
0.774289
0.620775
0.938382
0.438811
0.448798
0.463042
0.391161
0.520135
0.562745
0.411962
0.411256
0.422096
0.380166
0.40634
0.427406
0.435158
0.360792
0.427229
0.452926
0.630077
0.949907
0.62793
0.611738
0.712996
0.434607
0.443693
0.500677
0.574171
0.570542
0.429357
0.424141
0.404119
0.378357
0.620752
0.51223
0.483869
0.45227
0.760677
0.686083
0.394701
0.436874
0.557304
0.383635
0.466095
0.445
0.804583
0.375342
0.459349
0.405038
0.416674
0.492575
0.446627
0.455088
0.415331
0.663352
0.611689
0.445637
0.486902
0.646771
0.688329
0.670261
0.546236
0.381214
0.50165
0.5036
1.19667
0.45892
0.430349
0.430286
0.466003
0.457086
0.448921
0.82538
0.645571
0.600982
0.459615
0.513319
0.430096
0.451653
0.559274
0.430948
0.640007
0.492598
0.747054
0.771829
0.873421
0.60348
0.708477
0.76433
0.488507
0.426382
0.75453
0.467884
0.444543
0.433978
1.54677
0.743747
0.435897
0.390965
0.429717
0.470354
0.394193
0.491184
0.444936
0.402693
0.39849
0.375727
0.405807
0.380752
0.374505
0.419442
0.369279
0.432591
0.486047
0.524132
0.536548
0.676944
0.50886
1.80519
0.451674
0.445914
0.491113
0.598539
0.445689
0.413625
0.717947
0.420177
0.411833
0.370059
0.372034
0.57171
0.612474
2.24344
1.65236
0.540831
1.33243
0.555534
0.442486
0.547567
0.424117
0.424554
0.643878
0.419651
0.373838
0.681198
0.384043
0.472309
0.396858
0.412065
0.434717
0.388891
0.536862
0.894788
0.728813
1.73784
0.372077
0.660612
1.29129
0.562977
0.671111
0.407199
0.404865
0.641122
0.610364
0.755102
0.463983
0.573403
1.35908
0.52943
0.600472
0.423313
0.443961
0.717625
0.41629
0.626458
0.42235
0.442827
0.600865
0.6259
0.369012
0.415289
0.355593
0.557555
0.890789
1.07417
0.296299
0.290103
0.330649
1.11251
0.485485
0.320956
0.60539
0.517964
0.545338
0.389786
0.36555
0.409862
0.402954
0.357718
0.397341
0.343122
0.744587
0.382455
0.383382
0.357529
0.422
0.377958
0.475624
0.351302
0.487466
0.33151
0.411831
0.555149
