12.2921
9.78732
15.9813
20.0221
22.4093
23.7798
28.5371
37.2478
37.6757
44.721
36.4441
44.4045
48.1039
29.0819
27.994
21.8369
22.4997
36.8086
35.2378
43.8629
65.9328
61.2946
42.8696
55.1585
53.3718
60.4841
58.9502
54.7847
42.825
47.2625
54.1553
58.4163
51.6483
49.4445
52.6777
49.9825
48.9523
56.2699
49.0045
57.6117
52.0163
53.0927
59.1674
64.103
50.0903
55.0941
56.8591
56.9049
52.4262
60.1991
49.4408
41.2647
42.4971
39.7795
38.8334
45.899
49.4757
48.3579
40.5809
61.3758
52.6256
57.7489
50.4265
58.0513
54.1776
53.5579
61.9087
66.3556
62.9039
62.6895
58.0656
57.8421
54.0825
60.6715
60.9263
59.1998
55.0935
60.0206
53.0733
51.4697
59.2893
61.4517
64.2981
51.9069
51.796
59.0134
60.3587
55.5697
64.7704
57.933
60.7914
58.0217
67.4444
57.852
56.3461
54.9718
52.232
55.8394
57.4842
49.5624
58.9445
53.4921
60.064
53.5716
56.6437
65.193
58.8563
52.6309
65.3523
61.6486
63.2091
63.661
45.9612
57.5931
60.2653
67.2319
62.8117
45.6764
56.7839
54.4201
51.3931
55.562
56.5204
55.2401
56.711
58.5752
59.4039
54.4627
65.8397
59.2328
67.036
58.861
53.1223
23.3801
28.4104
27.7111
34.5728
36.4759
40.6746
47.3562
46.672
57.3599
47.7425
56.9108
51.8922
59.2627
58.7511
60.8016
60.8688
58.9692
58.4975
61.7033
55.9166
60.8691
49.4547
67.5752
59.1004
54.7937
61.9907
49.4102
63.2884
61.3837
55.7543
55.9576
55.9952
59.496
52.2082
60.9137
65.8004
62.6744
58.3187
52.5551
59.1657
57.1212
56.357
54.4528
62.1613
55.3533
59.519
51.7062
56.7389
63.1754
53.2756
47.8309
57.3622
59.4912
61.2263
52.0553
60.8598
63.4949
62.019
59.509
57.9855
65.1851
43.2806
14.5189
19.5676
22.8489
25.6712
24.6173
22.1722
35.4465
37.168
36.9588
38.9223
40.9937
33.2629
62.4277
56.6733
59.5923
62.3513
55.5812
62.9758
63.2398
56.3018
66.9354
62.0533
65.5749
63.8006
52.8908
63.8545
62.7459
60.7484
61.8075
58.7329
56.6943
65.7511
66.7076
61.0655
58.4062
61.0361
58.8836
58.6435
61.2848
57.6825
56.9418
66.9182
63.9899
63.1663
65.703
66.4562
55.466
55.4088
57.7022
61.6302
67.2888
31.9448
64.3634
64.8103
66.7782
64.5493
68.1159
57.0361
70.3859
56.2793
65.9092
57.651
60.4707
58.4232
54.723
64.4924
53.1121
56.064
56.4132
59.8921
54.6944
62.5396
55.1209
61.4744
59.5328
58.9592
58.7233
56.5163
64.2321
66.3687
51.0773
60.1565
57.3581
56.6173
49.937
65.6541
62.3993
59.701
54.4932
58.03
65.0516
55.5311
57.2788
63.0902
60.9009
65.3933
58.4778
64.3977
56.7922
61.6776
54.3458
56.6331
58.3965
61.2699
47.6993
54.1494
49.0997
69.2095
60.3886
59.5858
57.275
55.0413
65.2554
64.2589
56.9704
64.9847
58.3354
