1403715523912143104.000000 0.000000000 0.000000000 0.000000000 -0.000000000 -0.000000000 -0.000000000 1.000000000
1403715528412143104.000000 -0.001006179 -0.013055482 -0.000230741 -0.005054540 0.000423947 -0.000638031 0.999986947
1403715528462142976.000000 -0.003349269 -0.020440888 0.000570727 -0.010028711 0.000639195 0.000260775 0.999949455
1403715528512143104.000000 -0.010167151 -0.037807234 0.000187306 -0.014090384 0.001267883 0.001546804 0.999898732
1403715528562142976.000000 -0.020140074 -0.069290012 -0.000548826 -0.015042164 0.001252773 0.003393197 0.999880373
1403715528612143360.000000 -0.032322820 -0.113697171 -0.000867077 -0.013210177 0.001417249 0.005223040 0.999898136
1403715528662142976.000000 -0.048230499 -0.168392479 -0.000647941 -0.010617159 0.002052605 0.006774164 0.999918580
1403715528712143104.000000 -0.065243110 -0.232668027 -0.001910816 -0.008670010 0.002466353 0.008620054 0.999922216
1403715528762143232.000000 -0.085751437 -0.300739527 -0.003283606 -0.006107705 0.003083689 0.009699227 0.999929547
1403715528812143104.000000 -0.107580788 -0.377025276 -0.005586967 -0.004863026 0.004180657 0.009688162 0.999932528
1403715528862142976.000000 -0.127931535 -0.458255529 -0.009849401 -0.002523261 0.004397215 0.009706961 0.999940038
1403715528912143104.000000 -0.152740672 -0.540243983 -0.014684686 -0.001144863 0.005011579 0.010035934 0.999936461
1403715528962142976.000000 -0.178917825 -0.621943355 -0.020176960 -0.000723237 0.005709406 0.009534698 0.999938011
1403715529012143104.000000 -0.210302740 -0.702185273 -0.029266972 -0.001901158 0.005148049 0.007854478 0.999954104
1403715529112143360.000000 -0.290489942 -0.883757949 -0.055514552 -0.003113172 -0.002530750 0.008654699 0.999954522
1403715529162142976.000000 -0.336917967 -0.994379640 -0.075226389 -0.003278804 -0.008745202 0.006962944 0.999932170
1403715529262143232.000000 -0.432266980 -1.247802377 -0.132937551 -0.007358900 -0.024964692 0.002312731 0.999658585
1403715529362142976.000000 -0.534416676 -1.498123050 -0.186289594 -0.012876761 -0.043507744 -0.005962802 0.998952329
1403715531362142976.000000 -6.168862343 -6.973072529 -0.543867230 -0.025705421 -0.190328360 -0.028214360 0.980978251
1403715532012143104.000000 -8.146212578 -7.969974518 0.811942577 0.025632415 -0.183000475 -0.042840675 0.981844425
1403715532112143360.000000 -8.338135719 -8.017390251 1.018543243 0.030704895 -0.180257469 -0.046599433 0.982035100
1403715532212143104.000000 -8.527910233 -8.076889992 1.181401610 0.032528058 -0.179704919 -0.047097519 0.982053936
1403715532312143104.000000 -8.711228371 -8.107709885 1.310205460 0.032874461 -0.184876010 -0.045582086 0.981153607
1403715532712143104.000000 -9.168621063 -8.118463516 1.556763530 0.020733997 -0.213550404 -0.003897329 0.976704240
1403715532812143104.000000 -9.133209229 -8.087125778 1.617064476 0.022675838 -0.218391657 0.005134106 0.975584209
1403715533412143104.000000 -7.005789757 -7.378051281 2.178673983 0.032986242 -0.105345741 0.032794155 0.993347228
1403715533712143104.000000 -4.847913265 -7.639712811 1.801406622 0.000820502 -0.084038451 0.066154614 0.994263768
1403715533862142976.000000 -3.465711594 -8.000795364 1.504119873 -0.006298427 -0.077272564 0.066848382 0.994746506
1403715534012143104.000000 -1.946869135 -8.230363846 1.278658867 -0.006569450 -0.066489309 0.045992538 0.996704936
1403715534162142976.000000 -0.316369653 -8.287768364 1.113611102 -0.003594332 -0.059115052 0.023769539 0.997961700
1403715534312143104.000000 1.307364941 -8.213229179 1.043571711 -0.003148710 -0.053833637 0.003562308 0.998538613
1403715534512143104.000000 3.453066826 -7.807487011 1.091820836 -0.002813550 -0.042620357 -0.001957841 0.999085486
1403715534862142976.000000 6.937486172 -6.977045536 1.421393275 -0.022725727 0.029162373 0.021699511 0.999080718
1403715535212143104.000000 10.135273933 -6.265980721 2.122694731 -0.057424664 0.108695649 0.049301963 0.991189718
1403715535562142976.000000 13.061126709 -6.015959740 3.567558050 -0.044704955 0.121579267 0.090931617 0.987396300
1403715535912143104.000000 16.123086929 -6.005812645 5.500160694 -0.017917532 0.096222386 0.048428506 0.994019568
1403715536062142976.000000 17.393507004 -5.997850895 6.364356041 -0.032183167 0.070805855 0.028926719 0.996551037
1403715536312143104.000000 19.316825867 -6.141467094 7.960895061 -0.049607743 0.044404116 0.003574122 0.997774839
1403715536412143104.000000 20.068855286 -6.293943882 8.669311523 -0.043931935 0.038432166 -0.011996848 0.998222947
1403715536512143104.000000 20.696086884 -6.494712830 9.433851242 -0.034201555 0.037765682 -0.029199624 0.998274207
1403715536612143360.000000 21.213325500 -6.688675880 10.235697746 -0.022192886 0.037493460 -0.039920226 0.998252511
1403715536712143104.000000 21.641576767 -6.956665039 11.046843529 -0.006609335 0.036971591 -0.045096699 0.998276353
1403715536812143104.000000 21.928485870 -7.237845421 11.849023819 0.017560117 0.033796843 -0.046414308 0.998195946
1403715536912143104.000000 22.155622482 -7.513627529 12.609605789 0.038924344 0.031146239 -0.055955730 0.997187972
1403715537162142976.000000 22.084009171 -8.233234406 14.117641449 0.100462034 0.038457900 -0.081851520 0.990822256
1403715537262143232.000000 21.798572540 -8.488642693 14.463022232 0.127464578 0.038081396 -0.079449639 0.987922251
1403715537412143104.000000 21.113346100 -8.808490753 14.611605644 0.123690680 0.020462805 -0.034592468 0.991506577
1403715537562142976.000000 20.231851578 -8.981775284 14.368810654 0.063424900 0.005904904 0.009517752 0.997923791
1403715537712143104.000000 19.293498993 -9.089532852 13.905711174 0.027702034 0.003007793 0.032880537 0.999070823
1403715537862142976.000000 18.474430084 -9.249875069 13.365114212 0.048182141 0.006037463 0.039229441 0.998049617
1403715538062142976.000000 17.522407532 -9.331396103 12.465260506 0.039852355 0.006158970 0.043497358 0.998239398
1403715538212143104.000000 16.868900299 -9.241649628 11.698164940 0.022731612 0.013426598 0.056706049 0.998041809
1403715539312143104.000000 13.681503296 -5.307922363 4.672623634 -0.008543927 0.353441566 0.142536104 0.924494207
1403715540112143360.000000 11.704597473 -2.625989914 -0.691130638 -0.042499807 0.420089513 0.224990413 0.878121793
1403715540512143104.000000 12.258888245 -2.671255589 -3.424507141 -0.063580066 0.413824320 0.206441179 0.884357989
1403715540712143104.000000 13.020864487 -2.589662552 -4.502816677 -0.082914203 0.413503140 0.215948030 0.880628645
1403715541162142976.000000 16.075687408 -2.566881895 -6.101466179 -0.048580639 0.426096886 0.213065505 0.877886355
1403715541312143104.000000 17.404277802 -2.545120001 -6.502318382 -0.019539954 0.424556047 0.223855123 0.877074242
1403715541812143104.000000 22.404838562 -2.078566313 -7.685546398 -0.066704556 0.446363777 0.171799272 0.875668347
1403715542212143104.000000 26.388965607 -2.259525776 -7.407494068 -0.042755540 0.434735537 0.086703382 0.895354450
1403715542412143104.000000 27.840686798 -2.670023441 -6.788181305 0.004647897 0.386198193 0.085278705 0.918453515
1403715544112143360.000000 30.346433640 -1.780748367 -5.271109581 0.017183563 0.405519098 0.084452309 0.910014749
1403715544362142976.000000 29.281993866 -0.742233515 -5.602049351 0.002512903 0.489120454 0.161676332 0.857097268
1403715544612143360.000000 27.880100250 0.637066841 -5.735611916 0.003483005 0.569106936 0.214056522 0.793904901
1403715544862142976.000000 26.344066620 1.169166565 -6.142786980 0.011538479 0.604883134 0.210341588 0.767945111
1403715545112143360.000000 24.485298157 0.978409290 -6.788142204 -0.004243368 0.610212266 0.219487354 0.761215031
1403715545262143232.000000 23.333923340 0.956970692 -7.157280922 -0.013445009 0.622688711 0.228750423 0.748165250
1403715545412143104.000000 22.171756744 1.076744080 -7.424890518 -0.009998911 0.636475623 0.244042307 0.731602430
1403715545562142976.000000 21.011459351 1.133267879 -7.710951805 0.007306462 0.640048921 0.269437164 0.719505191
1403715545762143232.000000 19.481555939 1.205823421 -8.247076035 0.019178666 0.638606966 0.282343388 0.715608478
1403715545912143104.000000 18.327650070 1.299637794 -8.779920578 0.009790879 0.630836785 0.269605726 0.727503836
1403715546062142976.000000 17.205802917 1.413135767 -9.366314888 -0.003853793 0.609963238 0.243401706 0.754112482
1403715546212143104.000000 16.050369263 1.497719049 -9.980953217 -0.008931143 0.569074869 0.220190823 0.792205811
1403715546412143104.000000 14.523239136 1.548081875 -10.790574074 -0.009427284 0.493377566 0.196011990 0.847389579
1403715546612143360.000000 12.989591599 1.526285172 -11.614114761 -0.012782430 0.409244299 0.167829618 0.896765828
1403715546862142976.000000 11.168478012 1.619444370 -12.603196144 -0.050123565 0.292507440 0.135634020 0.945267439
1403715547162142976.000000 9.312817574 1.530241013 -13.421718597 -0.064014301 0.167748898 0.070254333 0.981237411
1403715547462142976.000000 7.565109253 1.286477447 -13.525502205 -0.069031879 0.056495547 0.013511480 0.995921850
1403715547762143232.000000 5.756684780 0.822472990 -12.887259483 -0.078445479 -0.052036107 -0.034653526 0.994956136
1403715548062142976.000000 3.903084278 0.187204823 -11.361419678 -0.042025961 -0.149726555 -0.063441291 0.985794604
1403715548362142976.000000 1.646291137 -0.692329764 -9.357112885 0.007910753 -0.174474627 -0.073868588 0.981855094
1403715548712143104.000000 -1.327383995 -1.396034598 -6.968145847 0.001631786 -0.167339608 -0.058949783 0.984134018
1403715548912143104.000000 -3.051037788 -1.650349379 -5.667905807 0.001844455 -0.160630956 -0.049469396 0.985772312
1403715549462142976.000000 -7.785624504 -2.490853548 -2.552421808 0.039295103 -0.206479564 -0.033405736 0.977090657
1403715549662142976.000000 -9.165786743 -2.628899574 -1.688217402 0.008838206 -0.218814775 -0.013529469 0.975632608
1403715549862142976.000000 -10.217645645 -2.887653112 -0.809553146 0.001748728 -0.195943937 0.016269594 0.980478585
1403715550112143360.000000 -10.913896561 -3.252723455 0.374877214 -0.010217602 -0.128146380 0.068713233 0.989319265
1403715550362142976.000000 -10.685369492 -3.924023867 1.592278004 -0.018197397 -0.028643463 0.075132988 0.996595919
1403715550612143360.000000 -9.852614403 -4.866697788 2.752744913 -0.010441522 0.071734540 0.085663691 0.993683517
1403715550862142976.000000 -8.749787331 -5.502226353 4.044372082 -0.005791529 0.156661361 0.145622551 0.976840734
1403715551162142976.000000 -6.830946922 -5.787079811 5.437604904 -0.001201910 0.263061225 0.186402112 0.946600080
1403715551512143104.000000 -3.477346420 -6.423176765 6.270250320 0.017469931 0.381250858 0.241886780 0.892094910
1403715551962142976.000000 1.495066881 -6.729068756 5.808622360 0.060514737 0.553719103 0.227220163 0.798814178
1403715552312143104.000000 4.620088100 -6.491762161 4.536070824 0.047032773 0.667365491 0.215003639 0.711466551
1403715552562142976.000000 6.060694695 -6.290592194 3.425857544 0.047612168 0.742295861 0.223740920 0.629817367
1403715552812143104.000000 6.673790455 -6.067791462 2.367217541 0.062798232 0.807810307 0.257056624 0.526707649
1403715553012143104.000000 6.502802372 -5.791697025 1.515939713 0.072632402 0.845439970 0.300933003 0.435195625
1403715554112143360.000000 -2.595058441 -3.745702267 -1.897176504 -0.032283876 0.920977533 0.374501973 0.102501392
1403715554212143104.000000 -3.617337227 -3.642071009 -1.931808710 -0.036899038 0.907993019 0.404548347 0.102604978
1403715554312143104.000000 -4.574285984 -3.531694889 -2.044987917 -0.047396917 0.899422467 0.421868205 0.104019076
1403715554412143104.000000 -5.473587036 -3.333346844 -2.248826265 -0.080304742 0.898319662 0.417351961 0.111311689
1403715554512143104.000000 -6.305394650 -3.040508032 -2.531105042 -0.145945624 0.906122684 0.375235647 0.129768267
1403715554612143360.000000 -6.970654011 -2.671571255 -2.788256168 -0.214307234 0.909480393 0.324857742 0.146237373
1403715554762143232.000000 -7.494150162 -2.048982859 -3.051724672 -0.275605083 0.908208370 0.272218555 0.158418640
1403715556462142976.000000 3.309871674 -6.618064880 0.621980429 0.063798957 0.916311860 0.358892649 0.165826350
1403715556862142976.000000 1.744019270 -6.526452065 -0.151963949 -0.036897641 0.913698316 0.361084789 0.182788834
1403715557012143104.000000 1.161769152 -6.266953945 -0.488090515 -0.051654194 0.912669599 0.360356331 0.185767010
1403715557162142976.000000 0.704105139 -5.972509384 -0.889708519 -0.042629164 0.901539505 0.388960928 0.184712738
1403715557312143104.000000 0.334023535 -5.669817924 -1.435783148 -0.035583649 0.892009616 0.412275970 0.181882322
1403715557662142976.000000 -0.244686007 -4.635149479 -3.504224777 -0.045580439 0.911356688 0.368636131 0.177366331
1403715558112143360.000000 -0.243956089 -3.544663429 -6.895617485 -0.036840793 0.920021892 0.357392669 0.156438336
1403715558562142976.000000 0.227581501 -3.014996529 -10.672464371 -0.043638945 0.936626196 0.311982065 0.153278068
1403715558712143104.000000 0.514754772 -2.667583466 -11.716887474 -0.029417608 0.942487061 0.295102268 0.154167041
1403715558912143104.000000 0.934654236 -2.147325516 -12.740064621 -0.040547628 0.939882219 0.290623575 0.174686179
1403715559112143360.000000 1.311099052 -1.794636250 -13.451454163 -0.053523839 0.933188081 0.282125026 0.216103360
1403715559262143232.000000 1.643698692 -1.643516064 -13.726241112 -0.054424249 0.925872684 0.274629205 0.253725469
1403715560212143104.000000 4.558423042 -0.661705971 -12.057370186 -0.074671887 0.837816536 0.304994881 0.446615934
1403715560462142976.000000 5.987723351 -0.949496746 -11.216931343 -0.051829405 0.805360556 0.309829742 0.502706289
1403715560712143104.000000 7.541247368 -1.220711231 -10.318634987 -0.045540687 0.772989035 0.297936410 0.558254242
1403715561012143104.000000 9.578519821 -1.589130163 -9.183380127 -0.056331709 0.725599170 0.267442107 0.631512046
1403715561312143104.000000 11.772357941 -2.069476128 -7.850580215 -0.031093547 0.663466156 0.267299592 0.698138177
1403715561612143360.000000 14.081068039 -2.515240669 -6.630310535 -0.017972369 0.622812688 0.249865502 0.741180599
1403715561862142976.000000 15.934832573 -2.822107553 -5.707589626 -0.012276144 0.593715191 0.201744616 0.778877854
1403715562162142976.000000 17.763652802 -3.339335203 -4.559670448 0.024820583 0.552134812 0.149762496 0.819818437
1403715562412143104.000000 18.582893372 -3.810037136 -3.636061192 -0.005462229 0.542216182 0.129641220 0.830159605
1403715562712143104.000000 18.724302292 -4.486814499 -2.114949226 -0.036653910 0.511463761 0.136357859 0.847624838
1403715563012143104.000000 18.351203918 -5.398144245 -0.106582642 -0.012778894 0.455227643 0.181060508 0.871677458
1403715563862142976.000000 15.836750031 -6.879506111 4.930818558 0.051824819 0.169849992 0.027055673 0.983734310
1403715564212143104.000000 13.614815712 -6.168568134 6.204527855 0.054005455 0.000745428 0.037395753 0.997839928
1403715564562142976.000000 11.809226990 -5.504368305 6.323903561 0.020167140 -0.167196393 -0.035075653 0.985093057
1403715565012143104.000000 10.019091606 -6.210150242 5.334644794 0.037277460 -0.358296543 -0.137694642 0.922645211
1403715565262143232.000000 8.999721527 -7.109532356 4.322126865 0.037886191 -0.461281985 -0.162914082 0.871345341
1403715565462142976.000000 8.263259888 -7.416709900 3.546867609 0.052709945 -0.535514951 -0.163745150 0.826820910
1403715565712143104.000000 7.605093479 -7.612170696 2.613736153 0.060159221 -0.626615047 -0.182726592 0.755212188
1403715565912143104.000000 7.509915352 -7.648760319 1.675349712 0.054395087 -0.701551437 -0.217589289 0.676403463
1403715566112143360.000000 7.687966824 -7.778773308 0.831747055 0.053259637 -0.776251316 -0.245701835 0.578124464
1403715566312143104.000000 8.088422775 -7.896389008 0.093413353 0.054406799 -0.836683869 -0.266981304 0.475101054
1403715566412143104.000000 8.341619492 -7.942345619 -0.210687637 0.055354308 -0.860798836 -0.277096987 0.423294872
1403715566512143104.000000 8.659527779 -7.938668728 -0.521340370 0.056756955 -0.881821394 -0.282365113 0.373416096
1403715566612143360.000000 9.009887695 -7.869253159 -0.738265991 0.057234902 -0.899832010 -0.284787685 0.325457424
1403715566812143104.000000 9.791425705 -7.653164864 -0.967924118 0.058428250 -0.927602410 -0.295266896 0.221263379
1403715566962142976.000000 10.568745613 -7.527311325 -1.031444073 0.052761566 -0.943989873 -0.297914565 0.131705120
1403715567062142976.000000 11.113724709 -7.541087627 -0.984815598 0.045424517 -0.948864579 -0.305410296 0.065705091
1403715567162142976.000000 11.690081596 -7.491291523 -0.878423214 -0.034360833 0.949962854 0.310431063 0.004750181
1403715567262143232.000000 12.254858017 -7.467631817 -0.709181130 -0.027619703 0.944178641 0.318982869 0.077549227
1403715567612143360.000000 14.323478699 -7.165831566 0.258323669 -0.042617373 0.886568606 0.327868223 0.323546469
1403715568112143360.000000 16.880722046 -6.166191578 2.209690094 -0.029477397 0.753740370 0.247584179 0.608036697
1403715568462142976.000000 18.156864166 -5.846986771 3.950491905 -0.007683517 0.624542356 0.197014451 0.755693793
1403715568762143232.000000 18.708127975 -6.016938210 5.575576782 -0.002817186 0.497360229 0.153994545 0.853762627
1403715570062142976.000000 16.142101288 -7.508608341 11.231965065 0.037186272 0.036833256 0.006317607 0.998609364
1403715570312143104.000000 14.865002632 -7.592053413 11.560442924 0.049326368 -0.071811020 -0.029546630 0.995759547
1403715570562142976.000000 13.439918518 -7.483685970 11.427888870 0.066485755 -0.191151917 -0.067475177 0.976978898
1403715571062142976.000000 10.961471558 -6.643862724 9.962244987 0.040050559 -0.424647659 -0.147850096 0.892306387
1403715571512143104.000000 9.251554489 -5.709818840 8.106765747 0.052055418 -0.487374008 -0.151761398 0.858327091
1403715571762143232.000000 8.675331116 -4.951779366 6.985566616 -0.043963432 -0.500170588 -0.120668799 0.856350243
1403715572062142976.000000 8.033735275 -4.055424213 6.676336288 -0.140072346 -0.490117878 -0.126211539 0.851019979
1403715572312143104.000000 7.065242290 -3.882059097 7.590511322 -0.053208370 -0.482986242 -0.210934311 0.848174453
1403715572562142976.000000 5.499052525 -3.947649002 8.699954033 0.055135097 -0.532618701 -0.227145553 0.813438654
1403715572862142976.000000 3.562576294 -3.839682102 9.306725502 0.058772516 -0.607664645 -0.244665623 0.753278315
1403715573112143360.000000 2.080020905 -3.956654072 9.072879791 0.050623555 -0.673862696 -0.243764594 0.695647299
1403715573362142976.000000 0.782878876 -4.310164928 8.553178787 0.033260398 -0.733352959 -0.254627585 0.629485548
1403715573562142976.000000 -0.111530304 -4.588674068 8.189831734 0.006361656 -0.775957644 -0.263568491 0.573045313
1403715573762143232.000000 -1.027298927 -4.800306320 7.917837143 0.011284458 -0.803398013 -0.295596629 0.516765833
1403715573912143104.000000 -1.730178833 -4.965182304 7.686969280 0.017214943 -0.818612039 -0.328621477 0.470729262
1403715574112143360.000000 -2.749053001 -5.170626640 7.266272545 0.010097747 -0.846597850 -0.356856376 0.394745171
1403715574312143104.000000 -3.901503563 -5.345672607 6.647565365 0.031599320 -0.881361544 -0.354345560 0.310873836
1403715574562142976.000000 -5.447365761 -5.368197441 5.758632660 0.084711127 -0.902108669 -0.351104230 0.236113906
1403715574812143104.000000 -6.509370804 -5.184264660 4.638480186 0.083912030 -0.907645047 -0.363405883 0.192549735
1403715575062142976.000000 -7.174443245 -4.982744217 3.183491707 0.051016968 -0.920894027 -0.343607545 0.176876709
1403715575312143104.000000 -7.601139069 -4.799432755 1.650941133 0.070882790 -0.934442163 -0.296805561 0.183575451
1403715575562142976.000000 -7.657835960 -4.624118805 0.350945234 0.078597158 -0.921111882 -0.322056115 0.204096109
1403715575862142976.000000 -7.071850777 -4.523849487 -1.181536198 0.119202338 -0.913344145 -0.319194287 0.222953767
1403715576162142976.000000 -5.491636276 -4.302082539 -2.740667820 0.063559361 -0.917724550 -0.317791492 0.229674548
1403715576412143104.000000 -3.877935171 -4.138272285 -4.011407852 0.055438522 -0.925845802 -0.297634810 0.226163059
1403715577012143104.000000 1.089360476 -4.276837349 -5.657769203 0.055164035 -0.914119244 -0.301824123 0.265038103
1403715577312143104.000000 4.127239227 -4.354990482 -5.820166588 0.018120002 -0.904747784 -0.299331456 0.302495927
1403715577962142976.000000 10.212199211 -3.648744822 -5.079020500 -0.002569963 -0.895065844 -0.295911282 0.333597273
1403715578512143104.000000 13.567496300 -2.536869526 -3.007791519 -0.037057787 -0.821402431 -0.305184364 0.480403215
1403715578812143104.000000 14.087467194 -1.824552536 -1.442758560 -0.033190113 -0.752429843 -0.377951175 0.538424253
1403715578962142976.000000 13.884744644 -1.493049622 -1.007241249 -0.016251832 -0.746007800 -0.375447989 0.549770117
1403715579312143104.000000 12.637561798 -0.983353615 -1.229213715 0.114797413 -0.754328251 -0.339566290 0.550004721
1403715579512143104.000000 12.108264923 -0.587933540 -2.197394371 0.102767862 -0.756080806 -0.335332960 0.552568913
1403715579812143104.000000 11.587940216 0.275562286 -4.536765099 0.072960958 -0.772353351 -0.311788052 0.548575521
1403715580162142976.000000 11.361991882 1.256966591 -8.080960274 0.058690850 -0.761884928 -0.278020173 0.582058012
1403715580412143104.000000 11.370231628 2.315071344 -10.563928604 0.033857826 -0.727256119 -0.241902277 0.641432345
1403715580662142976.000000 11.513006210 3.261090755 -12.996525764 -0.009852534 -0.694553554 -0.207734302 0.688726902
1403715580862142976.000000 11.643665314 3.946762085 -14.580812454 -0.055126905 -0.683137417 -0.184196293 0.704525411
1403715581362142976.000000 11.224430084 4.391093254 -16.137653351 -0.060993753 -0.669726253 -0.204756826 0.711211085
1403715581712143104.000000 10.119973183 4.334880829 -15.677250862 0.023787064 -0.711077213 -0.262671232 0.651772320
1403715582312143104.000000 8.384212494 4.203372002 -15.638633728 0.062146455 -0.819569051 -0.271985620 0.500467896
1403715582712143104.000000 7.773927689 4.401133537 -15.946042061 0.035314474 -0.805244207 -0.323547184 0.495632917
1403715582962142976.000000 7.316280365 4.543153286 -16.486717224 0.018346183 -0.787497401 -0.345109999 0.510304213
1403715583262143232.000000 6.361267090 5.386277199 -17.438285828 0.027918810 -0.793529093 -0.306633025 0.524888754
1403715583562142976.000000 5.249546051 6.205810547 -18.545597076 0.054386668 -0.823930264 -0.214325711 0.521771610
1403715583812143104.000000 5.001789093 6.796376228 -19.018760681 0.111952215 -0.844000876 -0.128917471 0.508438349
1403715584112143360.000000 6.682090759 6.585894585 -18.516326904 0.072999194 -0.850199282 -0.134207591 0.503806114
1403715584412143104.000000 9.888475418 5.245121956 -16.902315140 -0.019593440 -0.821971953 -0.253504246 0.509621382
1403715584712143104.000000 12.756620407 4.193193436 -14.541423798 -0.018545784 -0.801695645 -0.313160866 0.508793056
1403715585062142976.000000 15.097525597 3.055836201 -12.025032997 0.006183239 -0.774530411 -0.369959950 0.513024390
1403715586312143104.000000 15.766388893 2.375778437 -10.972884178 0.023726422 -0.818311512 -0.264219731 0.509893477
1403715587162142976.000000 16.077411652 2.312065363 -11.070046425 0.023516983 -0.805339515 -0.288741857 0.517207384
1403715587562142976.000000 16.754341125 1.961834669 -11.247683525 0.012447074 -0.819744289 -0.257824481 0.511263907
1403715588012143104.000000 17.333808899 1.237420082 -10.631410599 -0.001261644 -0.754760563 -0.230703577 0.614093423
1403715588462142976.000000 17.810272217 1.029821873 -8.474460602 0.043611500 -0.642718136 -0.169604018 0.745818973
1403715588912143104.000000 19.520994186 1.354055405 -5.991880417 -0.008066636 -0.508706450 -0.180450037 0.841778219
1403715589262143232.000000 20.446014404 1.382283449 -3.763427258 -0.050757863 -0.410545796 -0.189150229 0.890560508
1403715589912143104.000000 18.470918655 -1.798737407 0.787912369 -0.007575051 -0.338504076 -0.143328920 0.929953992
1403715590462142976.000000 14.612851143 -5.487164974 4.734365463 0.031552237 -0.375479341 -0.178861156 0.908861041
1403715591112143360.000000 8.582753181 -8.388510704 6.960950851 0.026045939 -0.586305857 -0.235182196 0.774762154
1403715591612143360.000000 3.478581429 -9.761991501 7.384199619 0.048003513 -0.731662989 -0.321433097 0.599204242
1403715592062142976.000000 -1.058477402 -9.080970764 6.627367020 0.082363889 -0.816983521 -0.352787584 0.448659182
1403715592412143104.000000 -3.896983147 -7.834449768 5.076072693 0.123882584 -0.875128031 -0.350813121 0.309409469
1403715592812143104.000000 -5.090278625 -6.606904984 1.876791239 0.143798113 -0.913628519 -0.353942275 0.139032021
1403715593262143232.000000 -4.042199135 -5.019420624 -2.224935293 -0.035366926 0.935825825 0.345352530 0.060917608
1403715594162142976.000000 0.128371239 -2.391362667 -8.475209236 -0.075180374 0.852883279 0.290860951 0.427010447
1403715594612143360.000000 3.369693756 -1.840444207 -9.370688438 -0.086323813 0.765865266 0.251773298 0.585327983
1403715595012143104.000000 6.765029907 -1.826178789 -8.879471779 -0.081036888 0.634505689 0.270706832 0.719411850
1403715595762143232.000000 15.099719048 -1.868889213 -6.821289062 -0.001943662 0.408995479 0.087847687 0.908296049
1403715596212143104.000000 17.720497131 -2.515467644 -5.687763691 0.111958705 0.305402428 -0.010491176 0.945560455
1403715596712143104.000000 15.984931946 -3.665421963 -5.875225067 -0.102973804 0.191229001 0.080926001 0.972768664
1403715597262143232.000000 14.308969498 -5.923571110 -2.841047287 -0.100029089 0.108023718 0.080813229 0.985796273
1403715597712143104.000000 14.148559570 -8.527750015 2.068127394 0.016818078 0.022363909 0.040875480 0.998772383
1403715598112143360.000000 14.442481041 -10.297450066 5.943652630 0.037470955 -0.028918613 0.006894466 0.998855412
1403715598512143104.000000 14.756280899 -11.209638596 9.068641663 0.123543613 -0.029763214 0.019411111 0.991702735
1403715599012143104.000000 15.434393883 -10.539400101 9.926630974 0.035851359 -0.016551889 0.004462202 0.999210119
1403715599312143104.000000 15.803248405 -9.542080879 9.717813492 0.018008428 -0.021705933 0.015576595 0.999480844
1403715599662142976.000000 16.278356552 -8.168782234 9.359928131 0.022998216 -0.036867291 0.062516429 0.997097611
1403715600362142976.000000 18.611169815 -5.328791142 7.865554810 0.009279311 -0.040500514 -0.079918869 0.995935023
1403715600712143104.000000 18.431774139 -4.022346020 6.850495815 -0.031181304 -0.183429614 -0.085092291 0.978846610
1403715601312143104.000000 16.659824371 -4.130433083 5.303254128 0.008909620 -0.325269014 -0.145352751 0.934341133
1403715602112143360.000000 12.387549400 -5.492642879 2.921545029 0.070949107 -0.314330816 -0.096173629 0.941760659
1403715602862142976.000000 9.389024734 -4.833392143 -0.428437859 0.006497321 -0.121843316 -0.051032968 0.991215229
1403715603612143360.000000 5.849482059 -1.886170506 -2.811852932 -0.017187171 0.015759876 0.030158732 0.999273062
1403715604312143104.000000 3.668397427 -0.989676952 -4.075228691 -0.033951525 0.027235936 0.031221127 0.998564363
1403715604812143104.000000 3.009151697 -0.832455635 -3.662294388 -0.003559668 0.032419611 0.022431070 0.999216318
1403715605362142976.000000 2.116871595 -1.008710861 -2.929193735 0.000326532 0.023236714 0.027689807 0.999346435
1403715605962142976.000000 1.354516745 -0.771725237 -1.771775007 0.003429395 0.016797574 0.017655788 0.999697149
1403715606612143360.000000 0.462726384 -0.698825121 -0.500149786 0.004291615 -0.001011773 0.032409590 0.999464989
1403715607162142976.000000 0.339722514 -0.489119351 0.116369724 0.013696368 -0.002998040 0.009162661 0.999859750
1403715607662142976.000000 0.205257744 -0.223942131 0.151585996 0.006101074 0.001014667 0.003813680 0.999973595
1403715607962142976.000000 0.009461679 -0.045405295 0.068280175 0.006382528 0.001156915 -0.000345394 0.999978960
1403715608262143232.000000 0.014387144 -0.032966636 0.070979878 0.002189321 0.000121287 -0.001265460 0.999996841
1403715609012143104.000000 0.012480068 -0.028786097 0.074447364 0.001142119 0.000181088 -0.000721239 0.999999046
