8.96492
1.69666
1.98004
1.58391
3.0731
0.53103
0.433911
3.17375
0.394957
1.40477
0.620313
2.65416
0.521492
0.57221
1.94146
1.13177
0.465447
0.510672
1.52351
0.404716
1.49506
0.706696
0.820975
0.417809
1.40511
0.485677
0.367591
1.38074
0.881415
0.509877
0.420137
0.504075
1.8274
0.407116
0.59177
1.57687
0.793224
0.486116
0.447947
0.748607
0.414743
2.4442
0.376961
1.46094
0.375262
0.774767
0.515552
0.761476
0.452479
0.637912
0.44219
2.27035
0.59272
1.78739
0.672088
0.675955
0.651915
0.478121
0.536907
0.720217
0.466034
0.509453
1.51992
0.423379
0.805229
0.489706
0.820367
0.492525
0.49276
0.421145
0.409735
0.392412
0.383475
1.34322
1.88219
1.18221
1.67658
1.6587
0.92621
0.532626
0.814919
0.699057
0.813055
0.983772
0.844537
2.48857
0.758182
0.844328
0.876576
0.885496
0.789589
0.496299
0.595943
0.945402
0.534631
0.854573
0.491921
0.604261
0.49618
0.461853
0.758616
0.551374
0.552227
0.846478
0.622238
0.481717
0.643326
0.893574
0.913829
0.540267
0.449035
0.487064
0.446714
0.419871
0.414544
0.381422
0.370082
0.396488
0.406133
0.798521
0.446161
0.511787
0.378772
0.465311
0.378324
0.37865
0.370024
0.376232
0.61082
0.40307
0.583631
0.373949
0.550353
0.402196
0.477965
0.74864
0.430008
0.523695
0.35763
0.665868
0.813764
0.378088
0.337244
0.44698
0.88548
0.593711
0.599983
0.531294
0.50911
0.572542
0.638599
0.532003
0.659974
0.544523
0.634191
0.473168
0.362913
0.345735
0.32286
0.324944
0.40074
0.386117
0.432222
0.45007
0.90653
0.418259
0.512887
0.315378
0.326244
0.403304
0.380834
0.641234
0.520505
0.301023
0.286109
0.411631
0.307975
0.541353
0.653737
0.537968
0.479537
0.368668
0.700998
0.288704
0.280067
0.295792
0.276651
0.264035
0.280889
0.29055
0.299416
0.282704
0.771152
1.94061
0.860199
0.274554
0.381359
0.562877
0.52198
0.336915
0.326557
0.299538
0.298693
0.558401
0.561942
0.531082
0.564508
0.319559
0.515054
0.352544
0.507136
0.345673
0.367462
0.329652
0.273797
0.296438
0.266163
0.432759
0.264396
0.464293
0.462953
0.531057
0.506406
0.312547
0.352313
1.78737
0.557772
0.31009
0.335452
0.33709
0.260337
0.261171
0.256417
0.259879
0.325746
0.55456
0.405179
0.320467
0.640381
0.320466
1.30075
0.419144
0.773916
0.611068
0.397346
0.321404
0.272046
0.459141
0.435332
0.263763
0.269493
0.418476
0.323011
0.603062
0.373332
0.628787
0.387502
0.384642
0.355014
0.315099
0.305447
0.290714
0.272997
0.289755
0.255378
0.250773
0.235297
0.257613
0.255502
0.292729
0.262045
0.563449
0.610807
0.347644
0.316745
0.338499
0.275922
0.254958
0.239023
0.400142
0.231498
0.233809
0.239684
0.2611
0.366032
0.31224
0.356464
0.30596
0.338643
0.370936
0.487626
0.441535
0.284057
0.264908
0.272484
0.430642
0.404083
0.403809
0.252675
0.514527
0.655183
0.344012
0.327524
0.322213
0.325822
0.278877
0.256156
0.295361
0.254913
0.275886
0.443028
0.384448
0.496919
0.40965
0.50673
0.363459
0.357369
0.333443
0.286345
0.299195
0.29609
0.464336
0.42631
0.259766
0.574939
0.25282
0.411081
0.384846
0.44982
0.44725
0.576692
0.328569
0.321905
0.335102
0.306959
0.861438
0.443212
0.754525
0.285822
0.428533
0.624599
0.552818
0.31024
0.330195
0.462896
0.575122
0.648244
0.391795
0.309007
0.311601
0.268862
0.418347
0.63122
0.255759
0.255522
0.240799
0.311809
0.369249
0.595546
0.341345
0.313623
0.419428
0.365862
0.410354
0.30761
0.315491
0.344295
0.319199
0.283972
0.288682
0.441648
0.279501
0.387971
0.399699
0.856665
0.354075
0.480738
0.274504
0.269886
0.256538
0.623516
0.337695
0.253655
0.251174
0.244196
0.241852
0.223795
0.811991
0.671855
0.435476
0.334314
0.509522
0.330796
0.576131
0.518814
0.53869
0.330263
0.31332
0.369288
0.289396
0.370369
0.282887
0.64822
0.578365
0.31422
0.304702
0.290384
0.285973
0.295528
0.278362
0.250413
0.266282
0.429247
0.34817
0.433858
0.451476
0.359724
0.326515
0.322646
0.275988
0.254026
0.240978
0.251769
0.242216
0.385717
0.42498
0.416891
0.402706
0.356285
0.27173
0.259271
0.506502
0.380022
0.442102
0.309355
0.457662
0.470173
0.502948
0.468944
0.292045
0.269446
0.330457
0.448557
0.293885
0.442919
0.270158
0.320471
0.334735
0.324253
0.29734
0.323393
0.275915
0.482043
0.263107
0.289547
0.242086
0.285743
0.244949
0.521523
0.402111
0.320906
0.526103
0.343851
0.381994
0.301718
0.303934
0.367307
0.274689
0.319087
0.282999
0.420177
0.514861
0.509537
0.485852
0.322645
0.311011
0.552398
0.548489
0.449512
0.528378
0.403396
0.563217
0.266141
0.534568
0.341718
0.524245
0.350062
0.313818
0.449409
0.470706
0.295227
0.537711
0.382583
0.366969
0.310665
0.329065
0.30888
0.300529
0.300715
0.555281
0.311333
0.349557
0.280707
0.484814
0.278164
0.279507
0.359599
0.419413
0.419552
0.396487
0.432307
0.286074
0.80874
0.488343
0.365111
0.530522
0.479241
0.462593
0.415409
0.297705
0.577381
0.516905
0.682287
0.345909
0.31699
0.480665
0.301431
0.502728
0.325721
0.501842
0.485813
0.824383
0.564134
0.615043
0.499487
0.326693
0.356432
0.6119
0.548218
0.601886
0.364154
0.382623
0.522924
0.572076
0.535194
0.534944
0.336274
0.344269
0.468674
0.547967
0.474477
0.489293
0.700567
0.704935
0.566719
0.328064
0.688568
0.343987
0.352327
0.338292
0.321057
0.503939
0.458677
0.618871
0.354682
0.419468
0.540049
0.713956
0.993057
0.640273
0.478951
0.671309
0.620654
0.580865
0.64478
0.682196
0.528176
0.61452
0.628817
0.373724
0.340807
0.727422
0.393584
0.679625
0.488021
0.424485
0.405152
0.61745
0.487276
0.373193
0.345705
0.472229
0.435687
0.630621
0.321807
0.665154
0.404196
0.54807
0.330898
0.520674
0.320656
0.382429
0.311628
0.450483
0.523371
0.304424
0.561761
0.530082
0.860769
0.32836
0.497706
0.571059
0.61438
0.566857
0.544216
0.444135
0.577651
0.325626
0.295991
0.313504
0.516514
0.490317
0.4222
0.323363
0.380138
0.471021
0.386144
0.914638
0.361482
0.326473
0.291209
0.275034
0.365143
0.274825
0.307562
0.617263
0.442245
0.380576
0.559094
0.478999
0.294159
0.381135
0.280447
0.514743
0.462589
0.308575
0.352703
0.291047
0.433681
0.558529
0.325243
0.500072
0.274699
0.476957
0.274605
0.287695
0.761502
0.493622
0.281012
0.273651
0.437493
0.493814
0.582487
0.413462
0.323975
0.269829
0.322862
0.255689
0.345396
0.242908
0.356092
0.285098
0.34923
0.374433
0.420439
0.467189
0.268598
0.330856
0.297225
0.272054
0.265442
0.265579
0.254343
0.258069
0.255887
0.25246
0.243658
0.244805
0.2409
0.253871
0.275999
0.392969
0.381453
0.485606
0.401492
0.323044
0.436527
0.384748
0.357876
0.444054
0.59079
0.479549
0.437664
0.413983
0.503601
0.546552
0.347878
0.290074
0.262203
0.252505
0.254118
0.401862
0.291558
0.234115
0.495796
0.281771
0.837702
0.322778
0.433769
0.478581
0.611632
0.529522
0.625603
0.300382
0.319586
0.261409
0.41944
0.247742
0.272731
0.227945
0.339894
0.241873
0.292232
0.269272
0.410927
0.471043
0.382902
0.357459
0.308148
0.313271
0.278336
0.267276
0.259943
0.588031
0.251007
0.305628
0.309627
0.304362
0.246998
0.232666
0.322136
0.332839
0.313689
0.279711
0.272858
0.270781
0.274728
0.255543
0.262984
0.400997
0.31304
0.240606
0.248808
0.250691
0.266899
0.331382
0.359287
0.334718
0.503012
0.286523
0.472118
0.417405
0.264333
0.252516
0.28998
0.308622
0.36921
0.396089
0.415969
0.356885
0.422998
0.359696
0.285248
0.260234
0.246256
0.426783
0.248063
0.237051
0.317455
0.461939
0.295804
0.466249
0.304824
0.422391
0.255186
0.278983
0.671121
0.322274
0.479531
0.264792
0.265328
0.257209
0.239716
0.250302
0.244285
0.258293
0.240982
0.414358
0.390896
0.351917
0.314745
0.475481
0.297949
0.259714
0.240987
0.233086
0.268057
0.284362
0.992814
0.57806
0.31849
0.363566
0.292875
0.395332
0.270853
0.285598
0.480792
0.548052
0.751339
0.46872
0.561118
0.280571
0.283598
0.337525
0.440349
0.427645
0.398754
0.469458
0.382452
0.295271
0.269585
0.326344
0.319346
0.474732
0.273889
0.258927
0.335543
0.42272
0.240783
0.24451
0.4061
0.285991
0.237933
0.256528
0.245754
0.231982
0.306747
0.257867
0.309103
0.435603
0.226091
0.334677
0.251698
0.391722
0.207141
0.198118
0.325224
0.194325
0.334228
0.2392
0.357933
1.02135
0.560144
0.524992
0.516216
0.298079
0.433287
0.423925
0.604762
0.450545
0.411828
0.459272
0.259331
0.350309
0.26091
0.243515
0.279011
0.334164
0.391758
0.228515
0.478525
0.21524
0.208601
0.23084
0.235176
0.209267
0.207486
0.224263
0.238631
0.205261
0.20577
0.299788
0.294092
0.292689
0.263835
0.234845
0.227279
0.211595
0.262629
0.22504
0.370613
0.255214
0.203414
0.418131
0.497799
0.390672
0.550577
0.294977
0.364568
0.453951
0.558372
0.322171
0.408233
0.45242
0.41749
0.433398
0.402148
0.424543
0.415977
0.442077
0.41313
0.340243
0.358126
0.352012
0.552904
0.731506
0.371743
0.335907
0.400547
0.313746
0.281004
0.387995
0.435056
0.371209
0.224144
0.365551
0.335777
0.308895
0.471544
0.278806
0.500308
0.291251
0.332473
0.625695
0.412537
0.286488
0.361315
0.454666
0.516061
0.516794
0.331702
0.567671
0.535505
0.322866
0.544259
0.279621
0.257793
0.275032
0.46567
0.269116
0.437353
0.317301
0.405395
0.781663
0.405546
0.413751
0.369126
0.345936
0.871364
0.546535
0.509311
0.370781
0.48158
0.53168
0.311801
0.35368
0.432991
0.513346
0.329406
0.355247
0.535841
0.374196
0.297286
0.286998
0.295807
0.298679
0.457975
0.529107
0.473611
0.537459
0.3401
0.329996
0.311638
0.47341
0.336252
0.318932
0.391916
0.519794
0.269209
0.266152
0.33028
0.288761
0.463384
0.253683
0.282082
0.471483
0.390221
0.413655
0.547877
0.554606
0.33316
0.502471
0.364652
0.381408
0.572427
0.472182
0.323742
0.292699
0.290085
0.449524
0.56087
0.375247
0.454242
0.556243
0.562524
0.570487
0.435537
0.433209
0.756168
0.43137
0.341976
0.334284
0.332533
0.332222
0.367586
0.349534
0.373784
0.38132
0.304103
0.321925
0.491031
0.451989
2.06729
0.523467
0.311067
0.315576
0.300103
0.318241
0.479047
0.30752
0.370532
0.313799
0.305063
0.302383
0.296379
0.285915
0.624628
0.332871
0.321186
0.307288
0.292464
0.322595
0.30528
0.534129
0.305276
0.296428
0.371761
0.305093
0.291516
0.301857
0.296915
0.316176
0.531454
0.291219
0.297879
0.278562
0.528377
0.341454
0.526065
0.529118
0.52404
0.490874
0.496733
0.522684
0.413987
0.64418
0.737744
0.45692
0.355083
0.358103
0.344867
0.561644
0.415213
0.544376
0.329525
0.32745
0.387451
0.42242
0.410386
0.473354
0.423257
0.346803
0.368105
0.349571
0.767112
0.350278
0.642581
0.365155
0.380969
0.333833
0.34208
0.505368
0.326612
0.524749
0.323572
0.316506
0.524769
0.366086
0.396418
0.447723
0.35607
0.372259
0.369161
0.533723
0.536189
0.378777
0.376168
0.585033
0.634291
0.881275
0.489335
0.406685
0.707545
0.595314
0.577161
0.434973
0.356828
0.352551
0.340165
0.376734
0.363841
0.701636
0.764533
0.838263
0.587861
0.475684
0.40798
0.642866
0.403094
0.39341
0.533205
0.341219
0.389787
0.360031
0.723061
0.511914
0.684767
0.37245
0.568962
0.670688
0.389275
0.554668
0.422851
0.446497
0.529085
0.612815
0.384815
0.501978
0.366857
0.366714
0.444345
0.453802
0.6054
0.577925
0.593717
0.618748
0.33683
0.333643
0.390613
0.631529
0.288268
0.477497
0.422234
0.419486
0.584987
0.452111
1.16427
0.503062
0.68564
0.360575
0.410066
0.342735
0.336185
0.344207
0.567334
0.319349
0.62747
0.655017
0.314722
0.480364
0.667622
0.718196
0.516724
0.35055
0.576754
0.588443
0.336995
0.340503
0.460493
0.306862
0.349389
0.491735
0.336449
0.293294
0.304564
0.509169
0.87489
0.368237
0.501469
0.373425
0.522383
0.357636
0.489986
0.394348
0.479103
0.395155
0.360743
0.588845
0.308639
0.306311
0.245156
0.714337
0.406651
0.266061
0.283357
0.370363
0.317804
0.33961
0.282981
0.302864
0.270121
0.24412
0.298824
0.281733
0.395286
0.268905
0.26506
0.427595
0.297294
0.340859
0.698261
0.303114
0.292524
0.339915
0.297229
0.285158
0.354531
0.297223
0.492134
0.414328
0.545331
0.301036
0.278387
0.510451
0.496189
0.433464
0.750169
0.475459
0.391657
0.576427
0.570191
0.330145
0.599586
0.329894
0.636659
0.323584
0.536567
0.311585
0.422462
0.517442
0.473863
0.352139
0.55576
0.314819
0.3205
0.300254
0.293821
0.320037
0.344328
0.307122
0.434124
0.289577
0.440157
0.305334
0.563178
0.36815
0.411072
0.493255
0.282646
0.372303
0.495529
0.472624
0.675601
0.480779
0.619159
0.299455
0.241273
0.348718
0.271999
0.408064
0.580533
0.756968
0.568825
0.593816
0.388045
0.43889
0.274092
0.264063
0.326441
0.287022
0.313367
0.245279
0.451001
0.255565
0.280603
0.428964
0.354711
0.3322
0.370991
0.346545
0.369689
0.317619
0.390298
0.300856
0.375759
0.553899
0.304473
0.465825
0.407889
0.297847
0.324178
0.708375
0.506153
0.451559
0.300693
0.586938
0.278837
0.483633
0.285547
0.261088
0.273836
0.267675
0.30755
0.258843
0.275567
0.353932
0.721182
0.390415
0.28851
0.336126
0.309864
0.390555
0.308587
0.314556
0.48806
0.536051
0.513156
0.46401
0.323314
0.511476
0.310418
0.415459
0.260237
0.243074
0.276109
0.385438
0.244116
0.271552
0.291517
0.592489
0.59395
0.321175
0.375056
0.400151
0.366878
0.662161
0.306866
0.281692
0.318738
0.438245
0.273864
0.324633
0.362786
0.278606
0.276152
0.286641
0.290085
0.271239
0.375535
0.307183
0.742259
0.344302
0.545194
0.296381
0.420758
0.329849
0.360438
0.302375
0.372039
0.34285
0.31749
0.450213
0.319101
0.299306
0.315135
0.419549
0.316949
0.298289
0.266991
0.597949
0.419274
0.465228
1.1208
0.559475
0.311666
0.371032
0.57317
0.43554
0.609828
0.572083
0.404848
0.430586
0.309612
0.359047
0.61691
0.348498
0.521131
0.626637
0.375579
0.335056
0.616336
0.52183
0.368746
0.336356
0.371921
0.645683
0.68621
0.558983
0.361978
0.593401
0.611773
0.360073
0.346254
0.315681
0.31041
0.572105
0.518039
0.549864
0.407337
0.53133
0.444225
0.362697
0.325838
0.3289
0.312973
0.386901
0.315518
0.398178
0.656594
0.607574
0.616113
0.486263
0.384298
0.386084
0.380559
1.00462
0.429539
0.382586
0.390928
0.408924
0.387529
0.37919
0.34487
0.352806
0.410215
0.340832
0.352025
0.330818
0.351962
0.364406
0.506708
0.385442
0.465706
0.376075
0.549762
0.646255
0.383134
0.353844
0.686482
0.915149
0.465873
0.723281
0.796548
0.456541
0.437567
0.581629
0.357488
0.507472
0.650974
0.444012
0.656788
0.698587
0.473479
0.373699
0.376053
0.360653
0.655139
0.402532
0.453427
0.375112
0.478773
0.397162
0.469784
0.681362
0.570757
0.614307
0.570933
0.70532
0.634006
0.559511
3.4011
0.697463
0.469587
0.827679
0.549602
0.371243
0.385879
0.434464
0.368208
0.423624
0.493833
0.562514
0.32739
0.305507
0.526283
0.283685
0.375828
0.658744
0.337194
0.514293
0.351424
0.362225
0.322017
0.505788
0.834252
0.32421
0.262546
0.264584
0.275555
0.256764
0.27913
0.282096
0.269391
0.277106
0.313744
0.424417
0.611618
0.629494
0.445713
0.370586
0.439558
0.602309
0.559919
0.467707
0.412608
0.567138
0.502991
0.352898
0.507121
0.511776
1.15149
0.39887
0.558478
0.510598
0.560309
0.499996
0.366332
0.510603
0.304284
0.321317
0.516753
0.458374
0.299339
0.327494
0.307479
0.58386
0.672395
0.583645
0.505459
0.557623
0.313635
0.302519
0.313016
0.390342
0.451293
0.325481
0.322916
0.525088
0.521591
0.299427
0.344829
0.527791
0.324928
0.488596
0.601217
0.474557
0.5213
0.354376
0.324718
0.523462
0.343912
0.35024
0.291775
0.295778
0.29766
0.504295
0.388346
1.08522
0.357237
0.347674
0.507494
0.583711
0.342602
0.365782
0.361827
0.357322
0.429843
0.367096
0.581974
0.34292
0.521118
0.388845
0.37454
0.36981
0.380795
0.683052
0.383594
0.378677
0.475552
1.38302
0.441715
0.627599
0.661683
0.672767
0.48922
0.506958
0.411922
0.419326
0.399939
0.448444
0.639047
0.726653
0.664897
0.673528
0.404383
0.594145
0.418441
0.372365
0.368962
0.496986
0.571016
0.357982
0.350236
0.326987
0.486031
0.360279
0.335387
0.948026
0.451953
0.398935
0.583697
0.350016
0.342371
0.373363
0.365042
0.396007
0.433462
0.383851
0.57123
0.318365
0.325679
0.328565
0.461358
0.399368
0.560175
0.394233
0.627728
0.36699
0.64624
0.379174
0.945318
0.659111
0.656239
0.588919
0.402556
0.414221
0.39585
0.422048
0.382307
0.36936
0.361903
0.49134
0.439999
0.402363
0.593172
0.440009
0.423973
0.406215
0.519525
0.524544
0.459053
0.362598
0.673385
0.578891
0.437021
0.34337
0.604182
0.44937
0.496522
0.594035
0.620514
0.482418
0.421852
0.363721
0.578166
0.555549
0.345373
0.381203
0.330265
0.499227
0.523473
0.515914
0.655437
0.407447
0.506236
0.522707
0.38009
0.300769
0.482946
0.472043
0.296781
0.345645
0.295932
0.327303
0.509307
0.572379
0.542406
0.376029
0.335234
0.390266
0.456312
0.649299
0.380604
0.323599
0.371259
0.335728
0.325885
0.303481
0.347052
0.405235
0.625763
0.338361
0.327027
0.604621
0.592332
0.878339
0.941524
0.691692
0.671821
0.374166
0.607013
0.578419
0.54386
0.750159
0.50724
0.59301
0.564217
0.649637
0.765884
0.445772
0.715067
0.349345
0.416759
0.377667
0.295984
0.468207
0.370249
0.321056
0.345451
0.526911
0.404487
0.361852
0.474485
0.311941
0.316959
0.363758
0.400601
0.362328
0.371345
0.744365
0.830985
0.670659
0.585685
0.63494
0.659176
0.679585
1.00048
0.480903
0.640258
0.632162
0.537477
0.581289
0.543403
0.563843
0.424784
0.672296
0.395274
0.757284
0.449264
0.357322
0.398222
0.529251
0.356841
0.453682
0.354939
0.752612
0.711998
0.427884
0.660644
0.512825
0.365491
0.581959
0.609999
0.353119
0.615485
0.622738
0.709572
0.518978
0.571739
0.440716
0.390518
0.377712
0.457076
0.367666
0.421755
0.416626
0.719146
0.340315
0.481579
0.842675
0.980999
0.56578
0.454505
0.441933
0.410964
0.414209
0.395621
0.601387
0.382285
0.452593
0.361512
0.39076
0.337276
0.361898
0.420549
0.389314
0.35166
0.387015
0.390801
0.855037
0.53816
0.639671
0.650933
0.484552
0.591006
0.617572
0.370642
0.603284
0.661064
0.575074
0.441338
0.591459
0.55476
0.619003
0.539293
0.573664
0.615216
0.437658
0.397044
0.421565
0.399719
0.616011
0.569294
0.483264
0.440133
0.582394
0.348768
0.383843
0.320732
0.502018
0.480574
0.387249
0.679048
0.417581
0.554533
0.594529
0.532239
0.384949
0.428618
0.698816
0.425662
0.604626
0.530209
0.302294
0.505833
0.49327
0.311098
0.521299
0.575206
0.572342
0.319753
0.488414
0.50394
0.507894
0.582784
0.558864
0.555724
0.505346
0.50257
0.528755
0.41225
0.514682
0.80273
1.00805
0.57894
0.629198
0.59798
0.455431
0.557782
0.521529
0.52782
0.573774
0.585407
0.504951
0.533727
0.347378
0.497337
0.431047
0.537687
0.454496
0.370583
0.586946
0.606928
0.347221
0.539681
0.536603
0.506819
0.499363
0.529568
0.47256
0.426579
0.42909
0.469045
0.703196
0.426574
0.39704
0.371834
0.428452
0.397526
0.33723
0.350842
0.400152
0.546766
0.389435
0.789779
0.616995
0.566842
0.38555
0.316846
0.317615
0.283835
0.319507
0.310268
0.293168
0.551342
0.296656
0.498259
0.421087
0.525601
0.567161
0.519105
0.477008
0.391631
0.383436
0.344927
0.34199
0.342664
0.282108
0.574354
0.307388
0.706168
0.280318
0.280251
0.286201
0.474291
0.361451
0.502981
0.545805
0.485043
0.253931
0.302422
0.375498
0.266737
0.268461
0.262771
0.256251
0.377919
0.367942
0.318054
0.220476
0.419005
0.37341
0.494318
0.430975
0.329032
0.379124
0.275724
1.01376
0.442476
0.4884
0.441425
0.33973
0.257982
0.26238
0.427317
0.30477
0.294351
0.606458
0.364723
0.321818
0.282932
0.263142
0.252949
0.274805
0.280721
0.410174
0.224499
0.339327
0.426012
0.227736
0.233785
0.222096
0.390805
0.384668
0.298425
0.317212
0.347739
0.285134
0.340614
0.583196
0.237625
0.442277
0.27585
0.398697
0.285156
0.40418
0.440836
0.341842
0.56431
0.367676
0.257763
0.376671
0.301709
0.391023
0.25572
0.612307
0.28533
0.397924
0.312222
0.239161
0.333085
0.344016
0.466658
0.335374
0.553313
0.376179
0.437199
0.492774
0.46997
0.287179
0.332975
0.291254
0.283292
0.347355
0.321337
0.44248
0.310083
0.340834
0.312369
0.264258
0.582687
0.259812
0.31563
0.359193
0.439642
0.296943
0.433538
0.499709
0.277671
0.283069
0.366558
0.463184
0.445793
0.550785
0.37431
0.356203
0.331205
0.416143
0.284516
0.286245
0.301237
0.52672
0.268564
0.258746
0.264333
0.27703
0.28346
0.386635
0.390917
0.396387
0.337828
0.341609
0.276966
0.447737
0.445401
0.249098
0.265882
0.522753
0.405652
0.415835
0.527071
0.362993
0.372878
0.389651
0.486803
0.346802
0.256487
0.544377
0.41032
0.522621
0.35379
0.736071
0.287448
0.536996
0.392148
0.391023
0.343171
0.85992
0.606592
0.372005
0.527789
0.426709
0.4013
0.333473
0.513884
0.492742
0.284562
0.307569
0.321147
0.33699
0.539805
0.279891
0.411184
0.406165
0.30947
0.318012
0.281251
0.2841
0.456647
0.267514
0.252532
0.267575
0.246562
0.290757
0.290142
0.222163
0.485207
0.353551
0.31026
0.279772
0.263313
0.449943
0.361789
0.350957
0.273977
0.32109
0.313062
0.597734
0.469026
0.419921
0.400107
0.398819
0.728495
0.616588
0.296622
0.301908
0.477913
0.456573
0.326089
0.540945
0.325631
0.316648
0.366288
0.501888
0.327426
0.504847
0.45685
0.441457
0.34737
0.295257
0.286179
0.255419
0.264878
0.252902
0.259031
0.242906
0.247947
0.24688
0.256049
0.269035
0.432263
0.342741
0.354547
0.643686
0.470575
0.351817
1.22215
0.407073
0.285585
0.43821
0.301506
0.338715
0.512645
0.475574
0.324912
0.453413
0.419157
0.442333
0.375372
0.459662
0.285636
0.409088
0.305414
0.293119
0.275012
0.523877
0.385899
0.383795
0.445482
0.387222
0.543407
0.924975
0.693109
0.470238
0.395465
0.3132
0.457853
0.569402
0.321791
0.546906
0.317596
0.321655
0.521175
0.308732
0.298874
0.303915
0.305776
0.429784
0.607155
0.316831
0.282985
0.404013
0.256515
0.263305
0.453727
0.573985
0.415745
0.499051
0.706545
0.803921
0.624854
0.402586
0.490222
0.386515
0.342367
0.35197
0.459857
0.296658
0.548007
0.518018
0.293652
0.2756
0.435144
0.335969
0.517021
0.510155
0.277314
0.40911
0.310326
0.274086
0.23492
0.239651
0.23468
0.41224
0.356364
0.236437
0.309033
0.264582
0.343372
0.244483
0.250943
0.235686
0.622029
0.326385
0.3219
0.292781
0.388884
0.384013
0.419133
0.287848
0.249659
0.236654
0.43121
0.433801
0.266572
0.266339
0.323238
0.328038
0.237587
0.343238
0.264158
0.208968
0.276473
0.208036
0.211611
0.205282
0.188501
0.331929
0.448368
0.428251
0.290922
0.397313
0.306671
0.242935
0.222758
0.284716
0.312511
0.226403
0.220418
0.204443
0.381969
0.49821
0.335015
0.462402
0.464035
0.335281
0.23395
0.319605
0.305518
0.290363
0.370611
0.3897
0.384157
0.339637
0.620268
0.512215
0.277583
0.271624
0.312158
0.448545
0.281646
0.342269
0.510119
0.35951
0.384798
0.444589
0.359283
0.363319
0.430965
0.31622
0.30735
0.285632
0.259466
0.28477
0.254337
0.249323
0.249196
0.359214
0.286264
0.40729
0.261738
0.275885
0.268788
0.30498
0.451518
0.490823
0.333492
0.320222
0.268329
0.493582
0.289222
0.422968
0.313221
0.272944
0.263063
0.495125
0.258739
0.287978
0.424497
0.274125
0.367318
0.312322
0.282456
0.247445
0.246373
0.260919
0.262717
0.62566
0.438846
0.362781
0.337809
0.421739
0.338983
0.33026
0.318209
0.570012
0.455853
0.320934
0.497095
0.349044
0.3145
0.441552
0.347774
0.318084
0.29856
0.350368
0.286385
0.279477
0.345875
0.34795
0.410167
0.29666
0.365671
0.556514
0.485209
0.419107
0.47798
0.492083
0.564645
0.517372
0.755277
0.730509
0.620989
0.369629
0.328911
0.294597
0.494723
0.314931
0.628673
0.368727
0.486414
0.357844
0.372236
0.338207
0.308461
0.298024
0.28943
0.357284
0.290451
0.286546
0.307302
0.295321
0.292158
0.27601
0.27034
0.283278
0.480717
0.340723
0.321318
0.312993
0.302224
0.293605
0.290102
0.35607
0.488466
0.52183
0.348708
0.53109
0.376272
0.313088
0.343308
0.34178
0.750867
0.386998
0.328487
0.32216
0.323498
0.495428
0.556919
0.522402
0.51529
0.355088
0.486427
0.542382
0.354249
0.414491
0.401949
0.518096
0.312411
0.360226
0.313029
0.284405
0.297433
0.265944
0.266807
0.665767
0.415495
0.426397
0.330577
0.420317
0.421994
0.53247
0.40525
0.300112
0.276685
0.349204
0.269514
0.403016
0.266218
0.435494
0.272323
0.278216
0.271213
0.280066
0.270043
0.249933
0.406499
0.684582
0.533281
0.374932
0.616026
0.353042
0.322395
0.376464
0.393097
0.381155
0.447037
0.394159
0.341161
0.426737
0.324962
0.513248
0.429964
0.545365
0.450037
0.470302
0.783196
0.468735
0.689751
0.457665
0.771346
0.401395
0.646577
0.433012
0.361118
0.360396
0.398668
0.500344
0.330898
0.317039
0.483514
0.326294
0.333987
0.676099
0.742618
0.461713
0.327104
0.528489
0.450929
0.339025
0.44871
0.322237
0.438556
0.444166
0.293121
0.283703
0.287715
0.268834
0.288118
0.321742
0.378894
0.357472
0.487344
0.400276
0.456292
0.337317
0.350115
0.375336
0.448117
0.355769
0.31436
0.305991
0.323139
0.492562
0.520364
0.312291
0.585129
0.577255
0.375088
0.381618
0.370417
0.406617
0.484301
0.406706
0.440322
0.397832
0.363973
0.420563
0.507542
0.345036
0.630209
0.332965
0.400715
0.427259
0.414152
0.691902
0.623755
0.540107
0.629427
0.396023
0.565875
0.528279
0.886504
0.86851
0.62514
0.833929
0.633284
0.401284
0.423871
0.342193
0.321602
0.342272
0.424691
0.759489
0.443769
0.612009
0.571388
0.389225
0.42927
0.422716
0.501233
0.360763
0.639238
0.783627
0.530392
0.415882
0.368354
0.396799
0.519711
0.415596
0.405217
0.402506
0.355973
0.332629
0.31036
0.321713
0.344911
0.381828
0.352454
0.468423
0.35025
0.671791
0.540792
0.435731
0.722556
0.344396
0.330636
0.346225
0.314401
0.404334
0.595283
0.383146
0.65698
0.589283
0.286633
0.360495
0.585436
0.417671
0.314179
0.640209
0.696469
0.38277
0.36114
0.561512
0.494282
0.349945
0.326579
0.359684
0.879483
0.774944
0.6564
0.426328
0.370754
0.361668
0.418838
0.53396
0.336077
0.427472
0.372531
0.360692
0.454532
0.309406
0.407245
0.301707
0.408407
0.469811
0.33291
0.328868
0.425059
0.410356
0.332265
0.295163
0.294906
0.2738
0.30497
0.323438
0.26187
0.27739
0.280121
0.399713
0.826546
0.399458
0.352133
0.736797
0.3439
0.309016
0.313067
0.387428
0.286101
0.353558
0.407799
0.319025
0.376438
0.306767
0.394237
0.591703
0.41553
0.669555
0.486881
0.51599
0.873725
0.696371
0.682451
0.572216
0.727567
0.686205
0.613784
0.448928
0.540698
1.01058
0.55065
0.487417
0.536272
0.469226
0.698932
0.703563
0.705179
0.751583
0.521248
0.645583
0.689199
0.537797
0.654346
0.502094
0.58999
0.394802
0.571695
0.341192
0.336302
0.316172
0.356705
0.362089
0.492258
0.48954
0.484757
0.366547
0.31168
0.371938
0.38217
0.318775
0.308721
0.286405
0.29163
0.29114
0.256918
0.271631
0.251865
0.241562
0.305615
0.276017
0.313616
0.354832
0.465192
0.55576
0.338635
0.283303
0.263944
0.252258
0.457737
0.355243
0.311596
0.432574
0.35395
0.46959
0.483973
0.466481
0.231385
0.323282
0.266353
0.330392
0.455636
0.259018
0.359704
0.227661
0.376623
0.298292
0.319446
0.316667
0.305598
0.345
0.46399
0.255217
0.325014
0.373934
0.342172
0.220012
0.227362
0.206765
0.1999
0.181676
0.173492
0.228053
0.190726
0.180843
0.287318
0.30325
0.196586
0.265759
0.452101
0.630959
0.340964
0.731486
0.420332
0.357628
0.391503
0.514055
0.333856
0.437175
0.391349
0.441762
0.459387
0.277603
0.339311
0.42066
0.544959
0.428776
0.371087
0.405137
0.355744
0.3643
0.54607
0.344111
0.386954
0.356191
0.402392
0.432612
0.486577
0.401794
0.433971
0.458491
0.748178
0.422516
0.693436
0.410639
0.404864
0.328809
0.426073
0.346234
0.343702
0.339996
0.344037
0.50816
0.337606
0.334735
0.364809
0.384862
0.370864
0.286104
0.276453
0.279874
0.286033
0.302945
0.278906
0.275255
0.477179
0.582527
0.296794
0.436675
0.289446
0.483675
0.411603
0.402157
0.405797
0.331796
0.342965
0.555667
0.585609
0.332834
0.377547
0.339087
0.337941
0.354031
0.351164
0.479188
0.494274
0.361088
0.44237
0.356896
0.356894
0.327883
0.385449
0.370159
0.421385
0.342188
0.318249
0.606612
0.798733
0.746171
0.426179
0.428056
0.393923
0.557487
0.55584
0.308278
0.502885
0.404653
0.388829
0.325584
0.373047
0.63935
0.326513
0.502979
0.407874
0.603961
0.645191
0.389103
0.622815
0.409997
0.410926
0.616595
0.619367
0.337464
0.548663
0.587781
0.588935
0.340339
0.425918
0.354143
0.575558
0.375701
0.43657
0.358552
0.420445
0.313816
0.462497
0.315839
0.526703
0.414302
0.395748
0.328138
1.07032
0.581602
0.392847
0.358637
0.63802
0.326531
0.527494
0.516869
0.476797
0.544449
0.395176
0.366234
0.575168
0.546403
0.390679
0.420344
0.602899
0.598427
0.354511
0.76945
0.358861
0.427018
0.461799
0.37202
0.590659
0.54644
0.482762
0.581506
0.303944
0.321928
0.308444
0.323741
0.606484
0.325998
0.587368
0.64828
0.34666
0.337947
0.333636
0.365385
0.296871
0.406133
0.638983
0.716133
0.74805
0.538451
1.23065
0.369345
0.359275
0.476039
0.366298
0.331723
0.353403
0.514604
0.29867
0.305075
0.488949
0.446494
0.293776
0.347996
0.314547
0.723827
0.448013
0.440063
0.562972
0.789413
0.405618
0.451253
0.544194
0.569549
0.343137
0.729505
0.566259
0.334389
0.32626
0.615066
0.598503
0.334432
0.400936
0.382084
0.408276
0.439663
0.346477
0.397323
0.448857
0.456123
0.316416
0.282549
0.454714
0.323602
0.305809
0.36815
0.498694
0.372333
0.381093
0.337602
0.589593
0.65027
0.337058
0.334178
0.330463
0.36311
0.542015
0.443052
0.461719
0.376723
0.362194
0.531415
0.531204
0.427807
0.407149
0.396294
0.482434
0.315347
0.500688
0.399429
0.429575
0.383859
0.661162
0.399327
0.340146
0.357501
0.349309
0.431654
0.829018
0.725988
0.472541
0.744368
0.480791
0.556493
0.487753
0.413065
0.425386
0.790786
0.59991
0.401911
0.417722
0.72622
0.652411
0.643593
0.370724
0.352897
0.455554
0.372656
0.30877
0.323107
0.350965
0.634522
0.555157
0.375551
0.546001
0.397389
0.733036
0.465137
0.426404
0.458754
0.386373
0.377988
0.356782
0.315913
0.320502
0.448133
0.507896
0.323972
0.347739
0.344642
0.592843
0.42471
1.06405
0.442126
0.367044
0.357578
0.359138
0.371506
0.339241
0.296195
0.275341
0.54657
0.346074
0.35457
0.299895
0.596625
0.669453
0.415835
0.414095
0.401163
0.374783
0.527435
0.423188
0.440042
0.603764
1.30652
0.586789
0.399416
0.346361
0.575937
0.477865
0.636571
0.645625
0.399331
0.527724
0.587878
0.783227
0.413206
0.586762
0.430877
0.493867
0.774471
0.566386
0.436438
0.393837
0.476388
0.394835
0.462321
0.792999
0.480641
0.467927
0.400828
0.399358
0.357714
0.320018
0.300424
0.464631
0.509549
0.371082
0.712931
0.793032
0.643124
0.381614
0.354643
0.476017
0.359279
0.325862
0.332739
0.330875
0.367908
0.810095
0.38381
0.332957
0.66736
0.433738
0.571847
0.704157
0.365224
0.472796
0.4135
0.65131
0.626847
0.414351
0.47504
0.639985
0.686192
0.593578
0.607609
0.381524
0.38673
0.659105
0.368657
0.425306
0.393876
0.308103
0.299199
0.296588
0.516989
0.336223
0.30408
0.581865
0.482973
0.541174
0.299264
0.481489
0.50721
0.360106
0.339828
0.349635
0.283882
0.474874
0.268811
0.27941
0.595441
0.308406
0.349274
0.298713
0.300172
0.305154
0.28669
0.453644
0.450341
0.276063
0.411896
0.52744
0.381961
0.340266
0.304681
0.533122
0.31425
0.512429
0.509267
0.334076
0.306367
0.406236
0.373509
0.449294
0.387575
0.59621
0.365138
0.362024
0.353759
0.356538
0.501281
0.566266
0.747408
0.623833
0.79301
0.486255
0.454992
0.617046
0.635631
0.607721
0.438461
0.429183
0.436156
0.457001
0.423639
0.699271
0.586662
0.444511
0.498985
0.440775
1.20835
0.422614
0.582494
0.468315
0.785893
0.862954
1.09121
0.518482
0.732657
0.765205
0.487759
0.446511
0.504979
0.456865
0.510294
0.737759
0.530169
0.795784
0.634899
0.443872
0.439975
0.814634
0.39213
0.651913
0.607046
0.487124
0.612941
0.728674
0.593116
0.571069
0.434545
0.425425
0.413916
0.630536
0.505991
0.451033
0.653558
0.372245
0.874167
0.79656
0.572063
0.563085
0.727032
0.391987
0.567133
0.4051
0.420085
0.351929
0.4534
0.335881
0.589894
0.312309
0.331253
0.450343
0.4261
0.491341
0.582558
0.465897
0.68043
0.743467
0.82611
0.535619
0.455619
0.455782
0.668411
0.418176
0.579366
0.440054
0.41242
0.373195
0.381986
0.704919
0.527522
0.408754
0.387888
0.79084
0.454861
0.749684
0.570801
0.312567
0.376969
0.749131
0.491188
1.035
0.591766
0.766251
0.794189
0.438854
0.487825
0.382847
0.362344
0.46826
0.346474
0.401978
0.40356
0.349615
0.732155
0.379346
0.401073
0.375179
0.411228
0.457782
0.412586
0.599004
0.629983
0.4084
0.398898
0.352772
0.348597
0.371114
0.43747
0.359952
0.324015
0.330287
0.305956
0.521277
0.33079
0.335643
0.394835
0.30345
0.386571
0.525684
0.455818
0.496741
0.460629
0.33876
0.403873
0.604947
0.334916
0.4859
0.581745
0.557651
0.365519
0.429307
0.35276
0.619788
0.369989
0.373147
0.31449
0.32754
0.329567
0.358768
0.378934
0.738114
0.38934
0.691948
0.35002
0.433166
0.467168
0.416541
0.369836
0.584435
0.511933
0.392525
0.483882
0.310607
0.698122
0.568736
0.521016
0.400599
0.582785
0.435102
1.11822
0.336834
0.321917
0.32587
0.515303
0.507252
0.756771
0.543354
0.301449
0.287748
0.584643
0.385074
0.308472
0.316745
0.358798
0.381538
0.567334
0.305687
0.275312
0.252567
0.297536
0.246209
0.287933
0.233975
0.440087
0.437805
0.497004
0.437086
0.475599
0.309131
0.687114
0.38847
0.504825
0.274152
0.262218
0.244141
0.249947
0.269187
0.307192
0.362215
0.396117
0.647898
0.251054
0.284184
0.400282
0.263776
0.323338
0.254339
0.219992
0.31853
0.190938
0.230048
0.275081
0.339289
0.464501
0.311318
0.183737
0.250041
0.286386
0.257086
0.213958
0.794844
0.333055
0.339441
0.257086
0.221638
0.317607
0.230411
0.213397
0.250486
0.575175
0.323381
0.252676
0.21842
0.323695
0.319698
0.401573
0.249509
0.294222
0.248268
0.237466
0.344424
0.262587
0.246139
0.242239
0.262211
0.347709
0.517574
0.453921
0.289123
0.280152
0.536518
0.311112
0.4383
0.189583
0.365689
0.215283
0.295724
0.373774
0.315048
0.397925
0.276083
0.43801
0.330296
0.262037
0.278162
0.315555
0.270097
0.299182
0.259291
0.256182
0.256925
0.260263
0.310856
0.38287
0.546974
0.392656
0.310435
0.493011
0.419485
0.502279
0.378392
0.465355
0.346151
0.265543
0.241996
0.321449
0.42536
0.308688
0.303949
0.48247
0.277082
0.278033
0.413545
0.462252
0.465699
0.60792
0.349824
0.345152
0.66268
0.411897
0.326199
0.356236
0.399881
0.352804
0.28986
0.332803
0.704771
0.403766
0.663393
0.414866
0.407967
0.355959
0.327793
0.35391
0.361106
0.366206
0.327953
0.50225
0.328975
0.744581
0.729984
0.474086
0.532693
0.688193
0.346872
0.323613
0.418963
0.367847
0.489667
0.62177
0.496702
0.342118
0.529696
0.568072
0.572474
0.903536
0.341382
0.522943
0.558367
0.568495
0.335621
0.292255
0.274479
0.266601
0.271504
0.260673
0.774702
0.446027
0.439725
0.442546
0.300347
0.294908
0.2922
0.258819
0.272433
0.347972
0.330443
0.384162
0.44847
0.34665
0.826761
0.336557
0.328839
0.536599
0.381128
0.57553
0.41481
0.305811
0.388092
0.307688
0.452775
0.413851
0.367609
0.424256
0.612249
0.642285
0.446398
0.598983
0.413799
0.681695
0.39732
0.517627
0.644511
0.649873
0.651989
0.512462
0.517665
0.782194
0.422422
1.0923
0.583529
0.534136
0.465437
0.598826
0.91572
0.822691
0.503772
0.483101
0.502186
0.787824
0.529084
0.587355
0.438093
0.646805
0.74232
0.771704
0.833761
0.733054
0.444842
0.420587
0.645528
0.483992
0.666229
0.731598
0.733472
0.496276
0.534158
0.893204
0.458909
0.444954
0.755495
0.534571
0.423596
0.665706
0.388257
0.413256
0.443282
0.438564
0.509085
0.707304
0.390503
0.452045
0.371182
0.611878
0.357911
0.323676
0.436741
0.293269
0.53305
0.346462
0.282384
0.30917
0.481616
0.284032
0.315719
0.34868
0.284872
0.299723
0.449298
0.443521
0.261272
0.379809
0.333833
0.427551
0.503419
0.470599
0.324562
0.410794
0.486413
0.415272
0.361074
0.577778
0.454023
0.316585
0.594848
0.482042
0.291792
0.519694
0.519872
0.310335
0.275261
0.290984
0.334803
0.285793
0.533696
0.528642
0.365944
0.366478
0.371869
0.585592
0.311149
0.474067
0.345832
0.34903
0.456578
0.291908
0.327851
0.292223
0.479127
0.316249
0.648551
0.447639
0.437026
0.547435
0.383875
0.413494
0.369888
0.361735
0.342055
0.349507
0.409915
0.460069
0.48293
0.425563
0.343573
0.368188
0.611437
0.358657
0.343067
0.394671
0.371567
0.477151
0.561234
0.758995
0.61593
0.606941
0.606214
0.401614
0.765514
0.42681
0.356271
0.433401
0.416833
0.477293
0.727439
0.589822
0.380258
0.675621
0.641981
0.32844
0.35249
0.568975
0.585082
0.37935
0.675214
0.384382
0.451341
0.298811
0.299813
0.282426
0.43337
0.538862
0.429124
0.387941
0.526564
0.426392
0.395532
0.418169
0.254806
0.39183
0.35986
0.574367
0.318969
0.441971
0.393399
0.683176
0.506923
0.44476
0.41848
0.409544
0.285117
0.262534
0.353956
0.324347
0.391475
0.324515
0.343969
0.277793
0.244468
0.228021
0.257404
0.443097
0.409631
0.379969
0.340953
0.332482
0.294636
0.283433
0.358505
0.279301
0.538039
0.312389
0.332681
0.29252
0.406734
0.335163
0.495051
0.439986
0.258464
0.273466
0.267686
0.316169
0.288342
0.3527
0.285704
0.365771
0.308417
0.342593
0.511652
0.488289
0.48917
0.301557
0.303522
0.376993
0.316011
0.332101
0.415338
0.294331
0.291768
0.447869
0.411599
0.337917
0.365865
0.301073
0.531424
0.308956
0.312718
0.275745
0.351917
0.4071
0.408505
0.378821
0.501637
0.357163
0.375252
0.378034
0.622403
0.374619
0.371228
0.35204
0.354146
0.375683
0.51287
0.330961
0.496259
0.308677
0.315196
0.299547
0.337876
0.290614
0.399097
0.365894
0.295239
0.280016
0.307737
0.265115
0.432883
0.399785
0.536966
0.301245
0.402462
0.510629
0.627768
0.481601
0.308452
0.505487
0.352449
0.352126
0.343703
0.434834
0.499765
0.429056
0.452001
0.601136
0.473131
0.395954
0.409701
0.483331
0.453564
0.474501
0.872903
0.651578
0.655054
0.40013
0.367926
0.328261
0.343039
0.430534
0.337635
0.576692
0.372614
0.584166
0.520468
0.898728
0.54324
0.33112
0.493988
0.246103
0.421445
0.289463
0.223148
0.465882
0.409704
0.451966
0.296215
0.360496
0.384299
0.26594
0.342732
0.235805
0.440468
0.460938
0.253136
0.21957
0.189469
0.297701
0.38352
0.19473
0.288302
0.296564
0.186924
0.308282
0.19478
0.222567
0.241326
0.287932
0.238549
0.230467
0.268123
0.216182
0.24342
0.211117
0.235489
0.213614
0.329965
0.247282
0.217178
0.27131
0.301781
0.404717
0.287962
0.260489
0.266216
0.225736
0.235086
0.206336
0.354929
0.317326
0.284626
0.206455
0.30278
0.206254
0.289003
0.228731
0.201153
0.411314
0.342973
0.33047
0.298498
0.377529
0.255306
0.341571
0.248509
0.42382
0.281461
0.359132
0.786587
0.594747
0.503368
0.618228
0.821154
0.435387
0.488827
0.672102
0.393836
0.388152
0.443124
0.685483
0.589784
0.526235
0.442329
0.533209
0.53143
0.397854
0.489201
0.477386
0.443683
0.355925
0.346592
0.375786
0.408972
0.301148
0.731838
0.351752
0.386956
0.385781
0.589374
0.560779
0.37024
0.321818
0.474932
0.863983
0.328522
0.277787
0.285121
0.259945
0.289836
0.281029
0.353748
0.310535
0.267552
0.446839
0.305346
0.281747
0.278058
0.295586
0.253014
0.254138
0.25275
0.283944
0.319688
0.341273
0.375158
0.67044
0.423695
0.378352
0.477869
0.39386
0.400236
0.287682
0.390113
0.602366
0.389956
0.39013
0.457206
0.391698
0.397093
0.415277
0.38935
0.513955
0.422794
0.366904
0.400835
0.42107
0.387351
0.474494
0.42896
0.390043
0.625862
0.638674
0.390047
0.3834
0.388233
0.438184
0.477076
0.476786
0.769035
0.459768
0.992037
0.922201
0.441746
0.500919
0.346398
0.338842
0.447967
0.418166
0.446927
0.663296
0.461509
0.706652
0.624102
0.824435
0.460595
0.399137
0.419517
0.696264
0.407907
0.751741
0.5916
0.527249
0.667908
0.638358
0.392807
0.379969
0.422893
0.38378
0.421753
0.441745
0.366012
0.618433
0.609895
0.504924
0.477296
0.817072
0.544378
0.455829
0.735276
0.442168
0.754735
0.492981
0.500525
0.42204
0.401394
0.554349
0.566666
0.559904
0.882943
0.565846
0.486328
0.455323
0.468408
0.728256
0.443603
0.442048
0.41324
0.430085
0.595283
0.444015
0.417004
0.50514
0.447669
0.408542
0.536286
0.46338
0.385534
0.379373
0.552506
0.351682
0.344621
0.509899
0.481924
0.573164
0.671909
0.503825
0.620656
0.36558
0.484311
0.377339
0.435533
0.431584
1.60907
0.555055
0.679298
1.24598
0.633546
0.527356
0.728229
0.543815
1.53832
0.603505
0.386362
1.41692
0.367951
0.443087
0.371103
1.2864
0.511402
0.38552
0.352741
0.377347
0.373673
0.641497
0.493507
0.406204
0.36478
1.17128
0.291658
1.77239
0.558853
0.480392
0.534764
0.631073
0.613329
0.819183
0.635772
0.580644
0.696318
0.625563
0.628851
0.606023
0.992254
0.263012
0.956279
0.37437
0.271927
0.331175
0.687681
0.325229
0.517213
0.311736
0.402588
0.436242
0.376717
0.36425
