1403715528412143104.000000 4.216457 7.981548 -2.493756
1403715528462142976.000000 4.220636 7.982203 -2.487215
1403715528512143104.000000 4.229283 7.985966 -2.471113
1403715528562142976.000000 4.243740 7.990739 -2.441798
1403715528612143360.000000 4.263776 7.995492 -2.400609
1403715528662142976.000000 4.289396 8.001835 -2.350131
1403715528712143104.000000 4.317442 8.008563 -2.290210
1403715528762143232.000000 4.348353 8.017863 -2.226852
1403715528812143104.000000 4.381804 8.027654 -2.155532
1403715528862142976.000000 4.414527 8.036440 -2.078833
1403715528912143104.000000 4.449245 8.049264 -2.001431
1403715528962142976.000000 4.484020 8.063628 -1.924135
1403715529012143104.000000 4.518012 8.084430 -1.847205
1403715529062142976.000000 4.556044 8.115911 -1.773573
1403715529112143360.000000 4.594904 8.142176 -1.671591
1403715529162142976.000000 4.637545 8.177042 -1.563205
1403715529212143104.000000 4.677282 8.209487 -1.434009
1403715529262143232.000000 4.719636 8.253402 -1.310074
1403715529312143104.000000 4.777713 8.290255 -1.176879
1403715529362142976.000000 4.807626 8.333979 -1.061666
1403715529412143104.000000 4.880441 8.356336 -0.971480
1403715529462142976.000000 4.942139 8.406890 -0.868063
1403715529512143104.000000 5.020095 8.438089 -0.790605
1403715529562142976.000000 5.085849 8.497454 -0.695207
1403715529612143360.000000 5.165134 8.520994 -0.659037
1403715529662142976.000000 5.256541 8.529622 -0.638312
1403715529712143104.000000 5.203946 8.467893 -0.955894
1403715529762143232.000000 5.437047 8.678137 -0.617298
1403715529812143104.000000 5.460218 8.660303 -0.587462
1403715529862142976.000000 5.583457 8.734027 -0.548989
1403715529912143104.000000 5.633648 8.724774 -0.479168
1403715529962142976.000000 5.740626 8.786825 -0.386790
1403715530012143104.000000 5.858946 8.829619 -0.387394
1403715530062142976.000000 5.969293 8.883444 -0.323212
1403715530112143360.000000 6.018826 8.919910 -0.300563
1403715530162142976.000000 6.273974 9.064245 0.135795
1403715530212143104.000000 6.353106 9.134555 0.212594
1403715530262143232.000000 6.402499 9.202563 0.312278
1403715530312143104.000000 6.469544 9.308394 0.387208
1403715530362142976.000000 6.475213 9.400525 0.474400
1403715530412143104.000000 6.645479 9.474494 0.825644
1403715530462142976.000000 6.730853 9.568017 1.029059
1403715530512143104.000000 6.804279 9.719068 1.252937
1403715530562142976.000000 7.111075 10.012496 1.744885
1403715530612143360.000000 7.208615 10.168814 1.906933
1403715530662142976.000000 7.332711 10.295846 2.142582
1403715530712143104.000000 7.380400 10.414774 2.220243
1403715530762143232.000000 7.514983 10.633220 2.392501
1403715530812143104.000000 7.611037 10.800939 2.503694
1403715530862142976.000000 7.662975 10.910303 2.626450
1403715530912143104.000000 7.795986 11.095502 2.829004
1403715530962142976.000000 7.949749 11.255810 3.004788
1403715531012143104.000000 8.059741 11.404414 3.117128
1403715531062142976.000000 8.137630 11.570456 3.245654
1403715531112143360.000000 8.263232 11.732505 3.353310
1403715531162142976.000000 8.366413 11.919690 3.400277
1403715531212143104.000000 8.507891 12.111760 3.491083
1403715531262143232.000000 8.673290 12.294608 3.645724
1403715531312143104.000000 8.826966 12.446587 3.708319
1403715531362142976.000000 9.073628 12.654650 3.936627
1403715531412143104.000000 9.292329 12.808362 4.074764
1403715531462142976.000000 9.485504 12.878815 4.163363
1403715531512143104.000000 9.656104 12.972398 4.195321
1403715531562142976.000000 9.833841 13.041725 4.230984
1403715531612143360.000000 9.982326 13.147022 4.214619
1403715531662142976.000000 10.190362 13.218085 4.270001
1403715531712143104.000000 10.341239 13.229115 4.280010
1403715531762143232.000000 10.538591 13.293355 4.237116
1403715531812143104.000000 10.740092 13.350178 4.238294
1403715531862142976.000000 10.913633 13.385737 4.281851
1403715531912143104.000000 11.061985 13.441618 4.224897
1403715531962142976.000000 11.207637 13.441097 4.223035
1403715532012143104.000000 11.468916 13.583398 4.313424
1403715532062142976.000000 11.588846 13.614753 4.289411
1403715532112143360.000000 11.746070 13.644132 4.277881
1403715532162142976.000000 11.868636 13.656212 4.293921
1403715532212143104.000000 11.990754 13.722397 4.268842
1403715532262143232.000000 12.083721 13.763461 4.239997
1403715532312143104.000000 12.195569 13.815273 4.244944
1403715532362142976.000000 12.277964 13.890676 4.256843
1403715532412143104.000000 12.369690 13.895413 4.268890
1403715532462142976.000000 12.418279 13.924376 4.274058
1403715532512143104.000000 12.486436 13.979021 4.245943
1403715532562142976.000000 12.525488 14.014713 4.212994
1403715532612143360.000000 12.569518 14.065691 4.195012
1403715532662142976.000000 12.570036 14.070125 4.145086
1403715532712143104.000000 12.625039 14.091823 4.149082
1403715532762143232.000000 12.618644 14.116112 4.054551
1403715532812143104.000000 12.646034 14.036367 4.100543
1403715532862142976.000000 12.662953 13.959806 4.104858
1403715532912143104.000000 12.599720 13.910233 4.056962
1403715532962142976.000000 12.586641 13.826621 4.036080
1403715533012143104.000000 12.568641 13.731021 3.964005
1403715533062142976.000000 12.557062 13.586232 3.856738
1403715533112143360.000000 12.526547 13.465516 3.739723
1403715533162142976.000000 12.423169 13.261258 3.613635
1403715533212143104.000000 12.330361 13.065761 3.517145
1403715533262143232.000000 12.234789 12.831924 3.418706
1403715533312143104.000000 12.145594 12.623885 3.351186
1403715533362142976.000000 11.996702 12.399424 3.327653
1403715533412143104.000000 11.814946 12.017824 3.339702
1403715533462142976.000000 11.675946 11.785990 3.391138
1403715533512143104.000000 11.465348 11.555438 3.405677
1403715533562142976.000000 11.257976 11.285965 3.462144
1403715533612143360.000000 11.033734 11.016912 3.510213
1403715533662142976.000000 10.823170 10.825140 3.574057
1403715533712143104.000000 10.522857 10.293650 3.814002
1403715533762143232.000000 10.260668 9.950355 3.963485
1403715533812143104.000000 9.947596 9.597705 4.079116
1403715533862142976.000000 9.712411 9.190014 4.318390
1403715533912143104.000000 9.468450 8.847361 4.446818
1403715533962142976.000000 9.139469 8.411575 4.581589
1403715534012143104.000000 8.849849 7.951091 4.680982
1403715534062142976.000000 8.568168 7.568913 4.762659
1403715534112143360.000000 8.301832 7.209691 4.826036
1403715534162142976.000000 7.925336 6.609472 4.866447
1403715534212143104.000000 7.606583 6.208743 4.878714
1403715534262143232.000000 7.315431 5.814073 4.847381
1403715534312143104.000000 7.038491 5.245779 4.895148
1403715534362142976.000000 6.750240 4.812371 4.866056
1403715534412143104.000000 6.503252 4.437313 4.833715
1403715534462142976.000000 6.266866 4.034878 4.823846
1403715534512143104.000000 5.881578 3.417299 4.596473
1403715534562142976.000000 5.689136 3.010628 4.583998
1403715534612143360.000000 5.429612 2.602144 4.505502
1403715534662142976.000000 5.177803 2.180750 4.409580
1403715534712143104.000000 4.881992 1.662069 4.249316
1403715534762143232.000000 4.736915 1.313018 4.224820
1403715534812143104.000000 4.539301 0.904157 4.159342
1403715534862142976.000000 4.150450 0.350355 3.864026
1403715534912143104.000000 3.977940 -0.049420 3.761890
1403715534962142976.000000 3.775624 -0.450827 3.787388
1403715535012143104.000000 3.565319 -0.949294 3.563625
1403715535062142976.000000 3.354090 -1.394271 3.440449
1403715535112143360.000000 3.202220 -1.818501 3.306755
1403715535162142976.000000 3.120758 -2.226633 3.180974
1403715535212143104.000000 2.899772 -2.662748 3.102256
1403715535262143232.000000 2.798345 -3.118503 3.026275
1403715535312143104.000000 2.686556 -3.540558 2.909320
1403715535362142976.000000 2.703648 -3.950676 2.852343
1403715535412143104.000000 2.588482 -4.437710 2.743224
1403715535462142976.000000 2.595843 -4.878370 2.685166
1403715535512143104.000000 2.565797 -5.348120 2.601333
1403715535562142976.000000 2.531714 -5.859221 2.504048
1403715535612143360.000000 2.538637 -6.364976 2.473484
1403715535662142976.000000 2.525772 -6.870356 2.355037
1403715535712143104.000000 2.542393 -7.359791 2.296338
1403715535762143232.000000 2.584039 -7.857771 2.201335
1403715535812143104.000000 2.547379 -8.421036 2.158763
1403715535862142976.000000 2.552657 -8.950922 2.040816
1403715535912143104.000000 2.566356 -9.440153 1.968903
1403715535962142976.000000 2.567478 -9.949865 1.844759
1403715536012143104.000000 2.603224 -10.417622 1.757382
1403715536062142976.000000 2.629815 -10.955344 1.721863
1403715536112143360.000000 2.649665 -11.464689 1.657696
1403715536162142976.000000 2.735843 -11.937958 1.582683
1403715536212143104.000000 2.809018 -12.442086 1.520437
1403715536262143232.000000 2.896653 -12.916106 1.429597
1403715536312143104.000000 3.008254 -13.408575 1.394498
1403715536362142976.000000 3.091866 -13.965068 1.365452
1403715536412143104.000000 3.254999 -14.421156 1.327804
1403715536462142976.000000 3.402187 -14.898447 1.275856
1403715536512143104.000000 3.624476 -15.359012 1.281327
1403715536562142976.000000 3.839466 -15.820167 1.245106
1403715536612143360.000000 4.076488 -16.218545 1.210567
1403715536662142976.000000 4.322209 -16.641186 1.205556
1403715536712143104.000000 4.603938 -17.015347 1.201932
1403715536762143232.000000 4.903513 -17.367787 1.217381
1403715536812143104.000000 5.198590 -17.687108 1.202274
1403715536862142976.000000 5.483005 -18.037490 1.224066
1403715536912143104.000000 5.787649 -18.286353 1.209148
1403715536962142976.000000 6.097658 -18.518900 1.226277
1403715537012143104.000000 6.387400 -18.734940 1.231325
1403715537062142976.000000 6.676007 -18.890775 1.260134
1403715537112143360.000000 6.950402 -19.027911 1.281063
1403715537162142976.000000 7.270259 -19.045287 1.360869
1403715537212143104.000000 7.536194 -19.051819 1.412911
1403715537262143232.000000 7.772495 -18.998079 1.468230
1403715537312143104.000000 7.975656 -18.942111 1.568515
1403715537362142976.000000 8.157445 -18.758952 1.582553
1403715537412143104.000000 8.335241 -18.518466 1.685499
1403715537462142976.000000 8.465644 -18.262081 1.764006
1403715537512143104.000000 8.553025 -17.965845 1.831507
1403715537562142976.000000 8.632808 -17.661064 1.891229
1403715537612143360.000000 8.703925 -17.309252 1.977946
1403715537662142976.000000 8.732038 -17.000893 2.052868
1403715537712143104.000000 8.759922 -16.639758 2.108836
1403715537762143232.000000 8.795721 -16.308334 2.213467
1403715537812143104.000000 8.811578 -15.991653 2.296263
1403715537862142976.000000 8.782152 -15.691664 2.407925
1403715537912143104.000000 8.715068 -15.439635 2.504593
1403715537962142976.000000 8.666818 -15.125754 2.600246
1403715538012143104.000000 8.604697 -14.789513 2.674234
1403715538062142976.000000 8.555392 -14.445177 2.750823
1403715538112143360.000000 8.451669 -14.116297 2.802165
1403715538162142976.000000 8.349510 -13.790061 2.865625
1403715538212143104.000000 8.232512 -13.498216 2.901073
1403715538262143232.000000 8.108393 -13.184477 2.933408
1403715538312143104.000000 8.002951 -12.891639 2.953003
1403715538362142976.000000 7.833985 -12.613054 2.935545
1403715538412143104.000000 7.705821 -12.322281 2.929518
1403715538462142976.000000 7.569107 -12.039335 2.867683
1403715538512143104.000000 7.263515 -11.834772 2.802686
1403715538562142976.000000 7.055597 -11.566688 2.783907
1403715538612143360.000000 6.878036 -11.265059 2.767254
1403715538662142976.000000 6.642196 -10.974687 2.736883
1403715538712143104.000000 6.401491 -10.690078 2.685220
1403715538762143232.000000 6.128220 -10.376428 2.625034
1403715538812143104.000000 5.829607 -10.071895 2.591717
1403715538862142976.000000 5.541100 -9.746024 2.537227
1403715538912143104.000000 5.255793 -9.424954 2.523838
1403715538962142976.000000 4.912955 -9.124622 2.396741
1403715539012143104.000000 4.641342 -8.772166 2.361562
1403715539062142976.000000 4.327702 -8.429143 2.255131
1403715539112143360.000000 4.056762 -8.141805 2.130421
1403715539162142976.000000 3.741434 -7.821668 1.953791
1403715539212143104.000000 3.433023 -7.507641 1.820552
1403715539262143232.000000 3.155619 -7.159961 1.643614
1403715539312143104.000000 2.887754 -6.832774 1.487788
1403715539362142976.000000 2.586341 -6.499804 1.270720
1403715539412143104.000000 2.315965 -6.150808 0.993175
1403715539462142976.000000 2.029988 -5.817186 0.785957
1403715539512143104.000000 1.760770 -5.485074 0.626159
1403715539562142976.000000 1.492344 -5.162272 0.468135
1403715539612143360.000000 1.271340 -4.858625 0.354887
1403715539662142976.000000 1.018068 -4.550657 0.277309
1403715539712143104.000000 0.725252 -4.245459 0.208531
1403715539762143232.000000 0.499903 -3.945449 0.142945
1403715539812143104.000000 0.247805 -3.670060 0.164443
1403715539862142976.000000 -0.007106 -3.399021 0.193181
1403715539912143104.000000 -0.277033 -3.119375 0.286822
1403715539962142976.000000 -0.522462 -2.846757 0.371939
1403715540012143104.000000 -0.764186 -2.589128 0.464932
1403715540062142976.000000 -1.053195 -2.367298 0.571526
1403715540112143360.000000 -1.316477 -2.182773 0.731015
1403715540162142976.000000 -1.601462 -1.991418 0.837924
1403715540212143104.000000 -1.873896 -1.821930 0.977877
1403715540262143232.000000 -2.175387 -1.677162 1.097632
1403715540312143104.000000 -2.494962 -1.564632 1.243104
1403715540362142976.000000 -2.793160 -1.481190 1.406012
1403715540412143104.000000 -3.146468 -1.437793 1.515746
1403715540462142976.000000 -3.437055 -1.389162 1.635413
1403715540512143104.000000 -3.781752 -1.356188 1.740871
1403715540562142976.000000 -4.109097 -1.360795 1.837725
1403715540612143360.000000 -4.432497 -1.362262 1.910913
1403715540662142976.000000 -4.744241 -1.425841 2.006890
1403715540712143104.000000 -5.056035 -1.487658 2.070922
1403715540762143232.000000 -5.349363 -1.590041 2.123142
1403715540812143104.000000 -5.683673 -1.744644 2.210899
1403715540862142976.000000 -5.970601 -1.922413 2.358536
1403715540912143104.000000 -6.235290 -2.086459 2.387125
1403715540962142976.000000 -6.583012 -2.312902 2.497999
1403715541012143104.000000 -6.915447 -2.559829 2.551028
1403715541062142976.000000 -7.217912 -2.818519 2.605814
1403715541112143360.000000 -7.523861 -3.085810 2.667436
1403715541162142976.000000 -7.869891 -3.364339 2.740575
1403715541212143104.000000 -8.182340 -3.674458 2.788851
1403715541262143232.000000 -8.496708 -3.990983 2.821725
1403715541312143104.000000 -8.860026 -4.320384 2.919234
1403715541362142976.000000 -9.173576 -4.635622 2.967984
1403715541412143104.000000 -9.527782 -4.983744 2.947106
1403715541462142976.000000 -9.881326 -5.347349 2.983580
1403715541512143104.000000 -10.295752 -5.700735 3.042025
1403715541562142976.000000 -10.676790 -6.045378 3.065991
1403715541612143360.000000 -11.010964 -6.395897 3.052842
1403715541662142976.000000 -11.375669 -6.788829 3.101702
1403715541712143104.000000 -11.714994 -7.197741 3.116020
1403715541762143232.000000 -12.084191 -7.612312 3.131833
1403715541812143104.000000 -12.447544 -8.023509 3.118847
1403715541862142976.000000 -12.726283 -8.477424 3.145986
1403715541912143104.000000 -13.026626 -8.949008 3.171668
1403715541962142976.000000 -13.326754 -9.399339 3.205382
1403715542012143104.000000 -13.537041 -9.807146 3.208128
1403715542062142976.000000 -13.788440 -10.267636 3.169805
1403715542112143360.000000 -13.925644 -10.729003 3.197508
1403715542162142976.000000 -14.084792 -11.190034 3.304672
1403715542212143104.000000 -14.144031 -11.634532 3.375376
1403715542262143232.000000 -14.175251 -12.041683 3.388449
1403715542312143104.000000 -14.256252 -12.469670 3.479682
1403715542362142976.000000 -14.313906 -12.890343 3.520916
1403715542412143104.000000 -14.233911 -13.245379 3.613398
1403715542462142976.000000 -14.205922 -13.597817 3.709587
1403715542512143104.000000 -14.176877 -13.911389 3.767035
1403715542562142976.000000 -14.130812 -14.207924 3.809160
1403715542612143360.000000 -14.086070 -14.477796 3.846617
1403715542662142976.000000 -14.032496 -14.744152 3.908996
1403715542712143104.000000 -13.999493 -14.986740 3.935107
1403715542762143232.000000 -13.945276 -15.179920 3.917955
1403715542812143104.000000 -13.859786 -15.355334 3.900286
1403715542862142976.000000 -13.831616 -15.534900 3.904679
1403715542912143104.000000 -13.828687 -15.740266 3.911427
1403715542962142976.000000 -13.767275 -15.857017 3.904925
1403715543012143104.000000 -13.745831 -16.042862 3.884408
1403715543062142976.000000 -13.710759 -16.151182 3.846488
1403715543112143360.000000 -13.650005 -16.244311 3.763317
1403715543162142976.000000 -13.638356 -16.376935 3.701361
1403715543212143104.000000 -13.561241 -16.451489 3.729114
1403715543262143232.000000 -13.610552 -16.596827 3.641870
1403715543312143104.000000 -13.598466 -16.663327 3.599284
1403715543362142976.000000 -13.636735 -16.759374 3.523231
1403715543412143104.000000 -13.659480 -16.817422 3.455722
1403715543462142976.000000 -13.696666 -16.880304 3.425125
1403715543512143104.000000 -13.748446 -16.932532 3.324599
1403715543562142976.000000 -13.824708 -16.975463 3.270451
1403715543612143360.000000 -13.869441 -16.985702 3.231261
1403715543662142976.000000 -13.935731 -16.989681 3.189229
1403715543712143104.000000 -13.992677 -16.967248 3.094025
1403715543762143232.000000 -14.066360 -16.938834 3.024655
1403715543812143104.000000 -14.127906 -16.888905 2.978475
1403715543862142976.000000 -14.214009 -16.815332 2.898530
1403715543912143104.000000 -14.287649 -16.716139 2.821221
1403715543962142976.000000 -14.360504 -16.577970 2.736176
1403715544012143104.000000 -14.441636 -16.423970 2.633076
1403715544062142976.000000 -14.454585 -16.218268 2.524149
1403715544112143360.000000 -14.540105 -16.026639 2.371666
1403715544162142976.000000 -14.564502 -15.811429 2.214326
1403715544212143104.000000 -14.612914 -15.581153 2.070725
1403715544262143232.000000 -14.551393 -15.305971 1.885022
1403715544312143104.000000 -14.659477 -15.091425 1.691128
1403715544362142976.000000 -14.611422 -14.805725 1.463179
1403715544412143104.000000 -14.599754 -14.551497 1.200424
1403715544462142976.000000 -14.621905 -14.259559 0.950861
1403715544512143104.000000 -14.603468 -13.966709 0.675475
1403715544562142976.000000 -14.567506 -13.683909 0.454740
1403715544612143360.000000 -14.465241 -13.341415 0.151668
1403715544662142976.000000 -14.438474 -13.061748 0.047681
1403715544712143104.000000 -14.412215 -12.725402 -0.165060
1403715544762143232.000000 -14.337141 -12.427022 -0.233415
1403715544812143104.000000 -14.251087 -12.116952 -0.230499
1403715544862142976.000000 -14.201401 -11.743089 -0.277344
1403715544912143104.000000 -14.104634 -11.388717 -0.190040
1403715544962142976.000000 -14.090029 -10.980378 -0.168658
1403715545012143104.000000 -13.944475 -10.600619 -0.119053
1403715545062142976.000000 -13.866334 -10.230675 -0.040506
1403715545112143360.000000 -13.737523 -9.847612 0.038693
1403715545162142976.000000 -13.650108 -9.451199 0.104716
1403715545212143104.000000 -13.553509 -9.071472 0.155872
1403715545262143232.000000 -13.456516 -8.675231 0.133216
1403715545312143104.000000 -13.331921 -8.306668 0.143315
1403715545362142976.000000 -13.219555 -7.917611 0.115756
1403715545412143104.000000 -13.133558 -7.523317 0.059853
1403715545462142976.000000 -13.024094 -7.156919 0.058561
1403715545512143104.000000 -12.894937 -6.760714 0.074166
1403715545562142976.000000 -12.806121 -6.372646 0.052239
1403715545612143360.000000 -12.706224 -6.003187 0.083253
1403715545662142976.000000 -12.621573 -5.574391 0.121895
1403715545712143104.000000 -12.553117 -5.203252 0.106300
1403715545762143232.000000 -12.501925 -4.779350 0.098821
1403715545812143104.000000 -12.455747 -4.374557 0.124240
1403715545862142976.000000 -12.407039 -3.942297 0.152261
1403715545912143104.000000 -12.388659 -3.510661 0.141583
1403715545962142976.000000 -12.343904 -3.082996 0.189724
1403715546012143104.000000 -12.332127 -2.645030 0.207596
1403715546062142976.000000 -12.340812 -2.241396 0.185815
1403715546112143360.000000 -12.340499 -1.798818 0.191527
1403715546162142976.000000 -12.305300 -1.349990 0.237261
1403715546212143104.000000 -12.289785 -0.933330 0.265349
1403715546262143232.000000 -12.260364 -0.482432 0.284409
1403715546312143104.000000 -12.250276 -0.059917 0.337452
1403715546362142976.000000 -12.227218 0.387939 0.385023
1403715546412143104.000000 -12.200437 0.785969 0.427124
1403715546462142976.000000 -12.185407 1.212031 0.474184
1403715546512143104.000000 -12.164295 1.665030 0.549412
1403715546562142976.000000 -12.135272 2.116588 0.581179
1403715546612143360.000000 -12.095934 2.507923 0.661056
1403715546662142976.000000 -12.082470 2.949243 0.712904
1403715546712143104.000000 -12.052794 3.374800 0.743652
1403715546762143232.000000 -12.049471 3.800545 0.765130
1403715546812143104.000000 -12.023984 4.215663 0.831951
1403715546862142976.000000 -12.019033 4.573981 0.831070
1403715546912143104.000000 -12.012884 4.939149 0.873555
1403715546962142976.000000 -11.958438 5.310157 0.910735
1403715547012143104.000000 -11.922161 5.654575 0.935504
1403715547062142976.000000 -11.876447 6.001141 0.991632
1403715547112143360.000000 -11.797402 6.279914 1.044582
1403715547162142976.000000 -11.728931 6.563576 1.111708
1403715547212143104.000000 -11.653080 6.830142 1.145983
1403715547262143232.000000 -11.544256 7.104369 1.195310
1403715547312143104.000000 -11.437653 7.324725 1.222659
1403715547362142976.000000 -11.272882 7.591140 1.256316
1403715547412143104.000000 -11.113911 7.760702 1.243580
1403715547462142976.000000 -10.866426 8.095517 1.295895
1403715547512143104.000000 -10.676725 8.329234 1.348294
1403715547562142976.000000 -10.460838 8.529658 1.348711
1403715547612143360.000000 -10.251865 8.681674 1.374199
1403715547662142976.000000 -9.989082 8.919474 1.441769
1403715547712143104.000000 -9.686905 9.115264 1.465375
1403715547762143232.000000 -9.304680 9.294068 1.428078
1403715547812143104.000000 -8.907564 9.489164 1.460954
1403715547862142976.000000 -8.585467 9.597707 1.442595
1403715547912143104.000000 -8.230485 9.688432 1.422846
1403715547962142976.000000 -7.797743 9.881513 1.451621
1403715548012143104.000000 -7.484091 9.952662 1.445553
1403715548062142976.000000 -6.949709 10.082402 1.412877
1403715548112143360.000000 -6.508228 10.191119 1.392366
1403715548162142976.000000 -6.104331 10.260322 1.316755
1403715548212143104.000000 -5.695392 10.335581 1.296027
1403715548262143232.000000 -5.134663 10.447532 1.252126
1403715548312143104.000000 -4.596918 10.611235 1.191002
1403715548362142976.000000 -3.930255 10.957569 1.443324
1403715548412143104.000000 -3.458202 11.103531 1.373101
1403715548462142976.000000 -2.973964 11.233886 1.227902
1403715548512143104.000000 -2.492451 11.273211 1.101552
1403715548562142976.000000 -2.032227 11.493718 1.047502
1403715548612143360.000000 -1.226497 12.088839 0.815558
1403715548662142976.000000 -0.540667 12.226017 1.508723
1403715548712143104.000000 -0.300914 12.292888 1.143475
1403715548762143232.000000 0.187820 12.517232 1.069715
1403715548812143104.000000 0.682390 12.641788 1.107028
1403715548862142976.000000 1.175072 12.807338 1.118653
1403715548912143104.000000 1.685385 13.128087 0.854792
1403715548962142976.000000 2.204176 13.328339 0.803595
1403715549012143104.000000 2.684748 13.559981 0.741730
1403715549062142976.000000 3.142057 13.744123 0.624349
1403715549112143360.000000 3.640253 13.978360 0.645686
1403715549162142976.000000 4.114381 14.199071 0.593635
1403715549212143104.000000 4.560686 14.393165 0.479830
1403715549262143232.000000 5.022329 14.602324 0.426900
1403715549312143104.000000 5.489539 14.843400 0.366615
1403715549362142976.000000 5.944826 15.093878 0.391034
1403715549412143104.000000 6.334518 15.244692 0.393315
1403715549462142976.000000 6.819128 15.622276 0.352087
1403715549512143104.000000 7.173639 15.830368 0.277806
1403715549562142976.000000 7.566852 16.066475 0.277478
1403715549612143360.000000 7.883014 16.216063 0.192305
1403715549662142976.000000 8.245870 16.384828 0.120409
1403715549712143104.000000 8.555264 16.525034 0.043102
1403715549762143232.000000 8.901297 16.689905 0.018656
1403715549812143104.000000 9.219845 16.759195 0.044799
1403715549862142976.000000 9.559932 16.839685 0.011978
1403715549912143104.000000 9.864251 16.890543 -0.023303
1403715549962142976.000000 10.099113 16.893817 -0.075292
1403715550012143104.000000 10.412660 16.905497 -0.071705
1403715550062142976.000000 10.691735 16.891185 -0.110043
1403715550112143360.000000 10.978078 16.825176 -0.085839
1403715550162142976.000000 11.183637 16.678521 -0.118905
1403715550212143104.000000 11.408063 16.536989 -0.072344
1403715550262143232.000000 11.650414 16.372171 -0.047796
1403715550312143104.000000 11.867164 16.195475 -0.000345
1403715550362142976.000000 12.061727 15.952202 0.134512
1403715550412143104.000000 12.244877 15.699214 0.256806
1403715550462142976.000000 12.393517 15.426122 0.373689
1403715550512143104.000000 12.568987 15.148888 0.464893
1403715550562142976.000000 12.697121 14.845478 0.567772
1403715550612143360.000000 12.886397 14.546461 0.656634
1403715550662142976.000000 13.027855 14.234211 0.760231
1403715550712143104.000000 13.261247 13.933476 0.853209
1403715550762143232.000000 13.379494 13.617989 0.852372
1403715550812143104.000000 13.459711 13.268337 0.870728
1403715550862142976.000000 13.584204 12.884847 0.857954
1403715550912143104.000000 13.641162 12.523755 0.818667
1403715550962142976.000000 13.732746 12.137608 0.781658
1403715551012143104.000000 13.774136 11.761744 0.760734
1403715551062142976.000000 13.825065 11.371343 0.658444
1403715551112143360.000000 13.855735 10.919778 0.681412
1403715551162142976.000000 13.846201 10.514214 0.732874
1403715551212143104.000000 13.817318 10.073330 0.772231
1403715551262143232.000000 13.725333 9.615389 0.821108
1403715551312143104.000000 13.624895 9.149489 0.901146
1403715551362142976.000000 13.504623 8.689462 0.996965
1403715551412143104.000000 13.378006 8.170318 1.007980
1403715551462142976.000000 13.177167 7.657167 1.132236
1403715551512143104.000000 13.056138 7.122198 1.196109
1403715551562142976.000000 12.839268 6.648459 1.199906
1403715551612143360.000000 12.578583 6.209857 1.364917
1403715551662142976.000000 12.304897 5.652613 1.346909
1403715551712143104.000000 11.948354 5.169115 1.503824
1403715551762143232.000000 11.623062 4.709434 1.644675
1403715551812143104.000000 11.387443 4.265018 1.666414
1403715551862142976.000000 11.002889 3.802097 1.690960
1403715551912143104.000000 10.686184 3.405744 1.716137
1403715551962142976.000000 10.312316 2.993171 1.870006
1403715552012143104.000000 9.971152 2.610439 1.972439
1403715552062142976.000000 9.603428 2.236936 1.980299
1403715552112143360.000000 9.219446 1.906151 2.012298
1403715552162142976.000000 8.827983 1.671435 2.122938
1403715552212143104.000000 8.429879 1.408389 2.187864
1403715552262143232.000000 8.031773 1.158974 2.116445
1403715552312143104.000000 7.657795 0.927781 2.229351
1403715552362142976.000000 7.280903 0.720672 2.306799
1403715552412143104.000000 6.935084 0.582734 2.356077
1403715552462142976.000000 6.556567 0.441834 2.410365
1403715552512143104.000000 6.278992 0.331242 2.518465
1403715552562142976.000000 5.982374 0.239490 2.489396
1403715552612143360.000000 5.719433 0.174493 2.581211
1403715552662142976.000000 5.495902 0.112133 2.522600
1403715552712143104.000000 5.202419 0.143922 2.557678
1403715552762143232.000000 4.983788 0.161639 2.628312
1403715552812143104.000000 4.752613 0.246553 2.673443
1403715552862142976.000000 4.566824 0.272981 2.671759
1403715552912143104.000000 4.391068 0.400400 2.698069
1403715552962142976.000000 4.225382 0.607418 2.696961
1403715553012143104.000000 4.062421 0.840745 2.700106
1403715553062142976.000000 3.906504 1.055162 2.668752
1403715553112143360.000000 3.780571 1.325138 2.644544
1403715553162142976.000000 3.610464 1.616438 2.613019
1403715553212143104.000000 3.511002 1.973514 2.661187
1403715553262143232.000000 3.424085 2.322927 2.654337
1403715553312143104.000000 3.350982 2.676921 2.658791
1403715553362142976.000000 3.225995 3.068383 2.608968
1403715553412143104.000000 3.213437 3.391817 2.572963
1403715553462142976.000000 3.117629 3.987470 2.463431
1403715553512143104.000000 3.074361 4.619899 2.476262
1403715553562142976.000000 3.072198 5.092287 2.416178
1403715553612143360.000000 3.138167 5.611886 2.416128
1403715553662142976.000000 3.254107 6.149551 2.258019
1403715553712143104.000000 3.368841 6.648735 2.240171
1403715553762143232.000000 3.508117 7.093513 2.045907
1403715553812143104.000000 3.745779 7.738565 1.988613
1403715553862142976.000000 3.949214 8.194569 1.870679
1403715553912143104.000000 4.203296 8.635861 1.800143
1403715553962142976.000000 4.474445 9.272499 1.729563
1403715554012143104.000000 4.693554 9.687988 1.669559
1403715554062142976.000000 4.954212 10.129829 1.622357
1403715554112143360.000000 5.172085 10.640300 1.540841
1403715554162142976.000000 5.392670 11.081453 1.492556
1403715554212143104.000000 5.618646 11.556883 1.408735
1403715554262143232.000000 5.798295 11.996658 1.374783
1403715554312143104.000000 5.967248 12.455482 1.300371
1403715554362142976.000000 6.119431 12.916479 1.236463
1403715554412143104.000000 6.185885 13.359468 1.143409
1403715554462142976.000000 6.249362 13.836813 1.067720
1403715554512143104.000000 6.277433 14.255322 0.927979
1403715554562142976.000000 6.283616 14.695408 0.762665
1403715554612143360.000000 6.282120 15.004959 0.640175
1403715554662142976.000000 6.229382 15.353881 0.475511
1403715554712143104.000000 6.174784 15.584465 0.292127
1403715554762143232.000000 6.129951 15.668797 0.123220
1403715554812143104.000000 6.047079 15.710637 -0.041814
1403715554862142976.000000 5.938040 15.628940 -0.194127
1403715554912143104.000000 5.832532 15.386048 -0.300560
1403715554962142976.000000 5.699010 15.046399 -0.335803
1403715555012143104.000000 5.624547 14.642812 -0.292477
1403715555062142976.000000 5.546851 14.034678 -0.209170
1403715555112143360.000000 5.469732 13.334463 -0.091560
1403715555162142976.000000 5.437756 12.652367 0.079606
1403715555212143104.000000 5.413578 11.842065 0.315765
1403715555262143232.000000 5.363365 11.118709 0.376742
1403715555312143104.000000 5.322987 10.378203 0.392223
1403715555362142976.000000 5.241043 9.668111 0.308687
1403715555412143104.000000 5.225872 8.990761 0.351115
1403715555462142976.000000 5.193220 8.335003 0.414919
1403715555512143104.000000 5.161465 7.709322 0.494899
1403715555562142976.000000 5.135089 7.226959 0.549834
1403715555612143360.000000 5.126482 6.685611 0.616324
1403715555662142976.000000 5.100297 6.218503 0.772204
1403715555712143104.000000 5.096122 5.764963 0.893171
1403715555762143232.000000 5.094794 5.443271 1.022402
1403715555812143104.000000 5.136764 5.141999 1.130764
1403715555862142976.000000 5.161449 4.817641 1.329373
1403715555912143104.000000 5.153925 4.517511 1.594878
1403715555962142976.000000 5.185842 4.271023 1.824578
1403715556012143104.000000 5.180772 4.058014 2.065073
1403715556062142976.000000 5.187347 3.893563 2.296725
1403715556112143360.000000 5.159520 3.742098 2.449502
1403715556162142976.000000 5.163001 3.653836 2.690434
1403715556212143104.000000 5.173217 3.559073 2.861008
1403715556262143232.000000 5.166142 3.531350 3.035133
1403715556312143104.000000 5.156262 3.548442 3.191869
1403715556362142976.000000 5.159050 3.641378 3.346669
1403715556412143104.000000 5.194155 3.793734 3.498745
1403715556462142976.000000 5.192287 3.926718 3.636604
1403715556512143104.000000 5.215085 4.112323 3.750407
1403715556562142976.000000 5.249015 4.273737 3.843684
1403715556612143360.000000 5.274545 4.508401 3.872906
1403715556662142976.000000 5.295561 4.744654 3.876016
1403715556712143104.000000 5.317353 4.992043 3.898914
1403715556762143232.000000 5.318734 5.212977 3.844744
1403715556812143104.000000 5.335727 5.462531 3.835393
1403715556862142976.000000 5.316413 5.667977 3.745631
1403715556912143104.000000 5.293253 5.901989 3.681757
1403715556962142976.000000 5.284266 6.132498 3.628240
1403715557012143104.000000 5.251279 6.368923 3.591462
1403715557062142976.000000 5.197326 6.562029 3.522399
1403715557112143360.000000 5.141920 6.794916 3.482321
1403715557162142976.000000 5.060239 6.998036 3.432809
1403715557212143104.000000 4.971934 7.219286 3.392832
1403715557262143232.000000 4.840611 7.420392 3.352181
1403715557312143104.000000 4.706549 7.621741 3.320224
1403715557362142976.000000 4.540675 7.850806 3.274794
1403715557412143104.000000 4.338171 8.074406 3.230975
1403715557462142976.000000 4.114502 8.334802 3.168658
1403715557512143104.000000 3.836813 8.542888 3.135135
1403715557562142976.000000 3.558958 8.777820 3.086887
1403715557612143360.000000 3.279440 9.032874 3.042114
1403715557662142976.000000 2.993909 9.255817 3.036408
1403715557712143104.000000 2.660979 9.397578 2.951764
1403715557762143232.000000 2.332723 9.688445 2.939479
1403715557812143104.000000 1.994877 9.879538 2.899925
1403715557862142976.000000 1.651424 10.085504 2.868083
1403715557912143104.000000 1.298734 10.268480 2.872267
1403715557962142976.000000 0.974019 10.487972 2.914375
1403715558012143104.000000 0.617027 10.656281 2.947352
1403715558062142976.000000 0.251307 10.814577 2.996589
1403715558112143360.000000 -0.091393 11.030693 3.182751
1403715558162142976.000000 -0.459102 11.261053 3.323598
1403715558212143104.000000 -0.828681 11.386125 3.388247
1403715558262143232.000000 -1.231680 11.607076 3.445725
1403715558312143104.000000 -1.620086 11.834294 3.568079
1403715558362142976.000000 -1.998358 12.005710 3.666088
1403715558412143104.000000 -2.357258 12.077721 3.762846
1403715558462142976.000000 -2.755642 12.208964 3.843313
1403715558512143104.000000 -3.159244 12.367841 3.941895
1403715558562142976.000000 -3.541539 12.507424 4.009357
1403715558612143360.000000 -3.915729 12.568991 4.030980
1403715558662142976.000000 -4.291495 12.671666 4.010369
1403715558712143104.000000 -4.637924 12.806866 4.056720
1403715558762143232.000000 -4.980523 12.920675 4.020149
1403715558812143104.000000 -5.294468 12.924996 3.999596
1403715558862142976.000000 -5.586223 12.981435 3.940941
1403715558912143104.000000 -5.838541 13.004259 3.940788
1403715558962142976.000000 -6.088174 13.060513 3.900836
1403715559012143104.000000 -6.307540 13.116815 3.879032
1403715559062142976.000000 -6.527961 13.119131 3.866496
1403715559112143360.000000 -6.712367 13.067050 3.872524
1403715559162142976.000000 -6.888494 13.071685 3.871453
1403715559212143104.000000 -7.030534 12.981600 3.832261
1403715559262143232.000000 -7.147644 12.931059 3.840781
1403715559312143104.000000 -7.247135 12.857363 3.872877
1403715559362142976.000000 -7.350183 12.776143 3.848155
1403715559412143104.000000 -7.409279 12.703101 3.838217
1403715559462142976.000000 -7.460584 12.602631 3.846096
1403715559512143104.000000 -7.491155 12.481463 3.815717
1403715559562142976.000000 -7.520570 12.351444 3.782774
1403715559612143360.000000 -7.536714 12.196402 3.683841
1403715559662142976.000000 -7.540783 12.078669 3.635587
1403715559712143104.000000 -7.553059 11.919313 3.530855
1403715559762143232.000000 -7.565974 11.755747 3.399145
1403715559812143104.000000 -7.574566 11.587725 3.245190
1403715559862142976.000000 -7.593154 11.419738 3.175831
1403715559912143104.000000 -7.589731 11.221701 3.024673
1403715559962142976.000000 -7.611284 11.008877 2.940613
1403715560012143104.000000 -7.592349 10.814034 2.787906
1403715560062142976.000000 -7.592180 10.563087 2.663500
1403715560112143360.000000 -7.580005 10.327610 2.598674
1403715560162142976.000000 -7.591893 10.052351 2.517390
1403715560212143104.000000 -7.564210 9.734815 2.478725
1403715560262143232.000000 -7.590125 9.446087 2.469853
1403715560312143104.000000 -7.557425 9.098116 2.485892
1403715560362142976.000000 -7.495562 8.735702 2.539482
1403715560412143104.000000 -7.530571 8.431277 2.494923
1403715560462142976.000000 -7.503973 8.053644 2.524461
1403715560512143104.000000 -7.510734 7.708971 2.560367
1403715560562142976.000000 -7.495880 7.343585 2.539786
1403715560612143360.000000 -7.506943 6.974424 2.535244
1403715560662142976.000000 -7.486055 6.595752 2.562949
1403715560712143104.000000 -7.464083 6.239235 2.540410
1403715560762143232.000000 -7.436770 5.850945 2.570558
1403715560812143104.000000 -7.440085 5.472196 2.577957
1403715560862142976.000000 -7.427703 5.063462 2.598335
1403715560912143104.000000 -7.395404 4.675394 2.608311
1403715560962142976.000000 -7.433871 4.259851 2.591839
1403715561012143104.000000 -7.442164 3.878670 2.588021
1403715561062142976.000000 -7.440172 3.468377 2.611581
1403715561112143360.000000 -7.428466 3.037050 2.610819
1403715561162142976.000000 -7.390886 2.587347 2.618405
1403715561212143104.000000 -7.376720 2.159743 2.656018
1403715561262143232.000000 -7.351529 1.718414 2.674620
1403715561312143104.000000 -7.302788 1.272489 2.679673
1403715561362142976.000000 -7.279708 0.812395 2.704346
1403715561412143104.000000 -7.261468 0.366080 2.721461
1403715561462142976.000000 -7.272859 -0.083004 2.738455
1403715561512143104.000000 -7.282135 -0.513366 2.730279
1403715561562142976.000000 -7.295671 -0.949803 2.747994
1403715561612143360.000000 -7.322314 -1.374560 2.782951
1403715561662142976.000000 -7.339958 -1.796323 2.796410
1403715561712143104.000000 -7.379721 -2.216715 2.787834
1403715561762143232.000000 -7.384173 -2.645907 2.801081
1403715561812143104.000000 -7.399592 -3.064939 2.851061
1403715561862142976.000000 -7.400408 -3.465717 2.837680
1403715561912143104.000000 -7.396685 -3.885539 2.882446
1403715561962142976.000000 -7.388644 -4.289815 2.886406
1403715562012143104.000000 -7.344292 -4.650162 2.892036
1403715562062142976.000000 -7.326148 -5.007622 2.955136
1403715562112143360.000000 -7.254260 -5.373005 2.979198
1403715562162142976.000000 -7.217021 -5.671660 3.010893
1403715562212143104.000000 -7.147930 -5.951767 3.063669
1403715562262143232.000000 -7.058736 -6.204583 3.075769
1403715562312143104.000000 -6.989998 -6.449519 3.087592
1403715562362142976.000000 -6.858896 -6.707822 3.132093
1403715562412143104.000000 -6.728042 -6.888575 3.171492
1403715562462142976.000000 -6.571134 -7.076502 3.176026
1403715562512143104.000000 -6.365272 -7.233467 3.195391
1403715562562142976.000000 -6.150267 -7.415923 3.205470
1403715562612143360.000000 -5.919013 -7.549589 3.235802
1403715562662142976.000000 -5.638104 -7.688597 3.263331
1403715562712143104.000000 -5.354424 -7.832675 3.288317
1403715562762143232.000000 -5.032556 -7.977384 3.341065
1403715562812143104.000000 -4.728496 -8.077189 3.363292
1403715562862142976.000000 -4.386638 -8.202093 3.393565
1403715562912143104.000000 -4.027993 -8.338514 3.417299
1403715562962142976.000000 -3.675351 -8.441633 3.426464
1403715563012143104.000000 -3.257062 -8.596379 3.433548
1403715563062142976.000000 -2.936610 -8.703553 3.460637
1403715563112143360.000000 -2.642209 -8.863446 3.473436
1403715563162142976.000000 -2.260794 -8.935328 3.476734
1403715563212143104.000000 -1.869519 -9.074351 3.535960
1403715563262143232.000000 -1.560297 -9.169987 3.539314
1403715563312143104.000000 -1.171974 -9.248107 3.528418
1403715563362142976.000000 -0.789840 -9.289761 3.534639
1403715563412143104.000000 -0.383648 -9.313021 3.461591
1403715563462142976.000000 -0.151858 -9.440637 3.603429
1403715563512143104.000000 0.191570 -9.470993 3.582833
1403715563562142976.000000 0.542666 -9.447340 3.534750
1403715563612143360.000000 0.826522 -9.458709 3.516047
1403715563662142976.000000 1.200844 -9.370815 3.402548
1403715563712143104.000000 1.489540 -9.327423 3.252751
1403715563762143232.000000 1.819052 -9.282647 3.262484
1403715563812143104.000000 2.152972 -9.185886 3.118260
1403715563862142976.000000 2.529607 -9.035707 2.971177
1403715563912143104.000000 2.872046 -8.886808 2.782740
1403715563962142976.000000 3.164011 -8.719600 2.625390
1403715564012143104.000000 3.444494 -8.513925 2.377186
1403715564062142976.000000 3.733382 -8.342496 2.284858
1403715564112143360.000000 4.021395 -8.073689 2.068984
1403715564162142976.000000 4.203877 -7.867133 1.900783
1403715564212143104.000000 4.432404 -7.626366 1.763750
1403715564262143232.000000 4.654393 -7.413791 1.553023
1403715564312143104.000000 4.782324 -7.159442 1.402144
1403715564362142976.000000 4.932181 -6.975554 1.298529
1403715564412143104.000000 5.047218 -6.738433 1.165288
1403715564462142976.000000 5.145306 -6.490416 1.117838
1403715564512143104.000000 5.182311 -6.226016 1.064645
1403715564562142976.000000 5.212427 -6.029628 1.017054
1403715564612143360.000000 5.290093 -5.737615 1.087775
1403715564662142976.000000 5.337836 -5.592873 1.083103
1403715564712143104.000000 5.376419 -5.423992 1.162393
1403715564762143232.000000 5.356886 -5.204276 1.163457
1403715564812143104.000000 5.431142 -4.992372 1.255891
1403715564862142976.000000 5.460000 -4.763050 1.339923
1403715564912143104.000000 5.479833 -4.505554 1.477771
1403715564962142976.000000 5.457718 -4.390578 1.514654
1403715565012143104.000000 5.530040 -4.097539 1.937651
1403715565062142976.000000 5.569516 -3.869706 2.140660
1403715565112143360.000000 5.548985 -3.659278 2.380250
1403715565162142976.000000 5.575404 -3.368702 2.707565
1403715565212143104.000000 5.582354 -3.084272 2.880771
1403715565262143232.000000 5.508175 -2.848302 3.083132
1403715565312143104.000000 5.512479 -2.579631 3.253831
1403715565362142976.000000 5.467334 -2.386379 3.369281
1403715565412143104.000000 5.382579 -2.087065 3.487616
1403715565462142976.000000 5.347217 -1.878785 3.604554
1403715565512143104.000000 5.262997 -1.650380 3.537594
1403715565562142976.000000 5.246931 -1.443236 3.679222
1403715565612143360.000000 5.145591 -1.194329 3.768063
1403715565662142976.000000 4.971532 -0.934243 3.857015
1403715565712143104.000000 4.984212 -0.886292 4.079227
1403715565762143232.000000 4.955749 -0.770288 4.157419
1403715565812143104.000000 4.717457 -0.637690 4.193830
1403715565862142976.000000 4.681075 -0.480023 4.352235
1403715565912143104.000000 4.286401 -0.357917 4.432564
1403715565962142976.000000 4.179443 -0.286311 4.562192
1403715566012143104.000000 4.007076 -0.217802 4.577585
1403715566062142976.000000 3.920021 -0.211385 4.643137
1403715566112143360.000000 3.559293 -0.124428 4.853361
1403715566162142976.000000 3.340311 -0.012928 4.982572
1403715566212143104.000000 3.250902 -0.103148 5.010317
1403715566262143232.000000 3.100451 -0.095196 5.065157
1403715566312143104.000000 2.802651 -0.132613 5.236453
1403715566362142976.000000 2.642919 -0.155504 5.322623
1403715566412143104.000000 2.446375 -0.212146 5.395954
1403715566462142976.000000 2.274477 -0.284800 5.414277
1403715566512143104.000000 2.036756 -0.337960 5.514143
1403715566562142976.000000 1.891968 -0.427759 5.583298
1403715566612143360.000000 1.665531 -0.528103 5.539881
1403715566662142976.000000 1.577173 -0.586429 5.502986
1403715566712143104.000000 1.503141 -0.709725 5.503836
1403715566762143232.000000 1.151496 -0.938968 5.466119
1403715566812143104.000000 1.022842 -1.066168 5.452254
1403715566862142976.000000 0.873740 -1.243337 5.445671
1403715566912143104.000000 0.697069 -1.449341 5.441487
1403715566962142976.000000 0.545181 -1.692492 5.391785
1403715567012143104.000000 0.493479 -1.798036 5.378026
1403715567062142976.000000 0.316534 -2.189089 5.413621
1403715567112143360.000000 0.339357 -2.308721 5.488742
1403715567162142976.000000 0.100113 -2.733062 5.356693
1403715567212143104.000000 0.068936 -2.941412 5.360502
1403715567262143232.000000 -0.051484 -3.300699 5.302080
1403715567312143104.000000 -0.169138 -3.577849 5.195162
1403715567362142976.000000 -0.375306 -4.045775 5.431468
1403715567412143104.000000 -0.472490 -4.449459 5.314700
1403715567462142976.000000 -0.544908 -4.813121 5.319719
1403715567512143104.000000 -0.374731 -4.895221 4.897214
1403715567562142976.000000 -0.391003 -5.202107 4.894101
1403715567612143360.000000 -0.395390 -5.517921 4.780527
1403715567662142976.000000 -0.383866 -5.838274 4.673010
1403715567712143104.000000 -0.464576 -6.120779 4.495294
1403715567762143232.000000 -0.482240 -6.415745 4.360108
1403715567812143104.000000 -0.479747 -6.734336 4.199945
1403715567862142976.000000 -0.493024 -7.058672 4.030935
1403715567912143104.000000 -0.499387 -7.334944 3.942048
1403715567962142976.000000 -0.517082 -7.701889 3.774452
1403715568012143104.000000 -0.487241 -7.968979 3.620769
1403715568062142976.000000 -0.374629 -8.281966 3.406262
1403715568112143360.000000 -0.412293 -8.537639 3.288006
1403715568162142976.000000 -0.349656 -8.822289 3.150779
1403715568212143104.000000 -0.269140 -9.109127 3.096656
1403715568262143232.000000 -0.159333 -9.402039 2.955851
1403715568312143104.000000 -0.050886 -9.684853 2.863416
1403715568362142976.000000 0.030118 -9.954463 2.691602
1403715568412143104.000000 0.191438 -10.242541 2.627538
1403715568462142976.000000 0.255491 -10.437137 2.447297
1403715568512143104.000000 0.394204 -10.684369 2.346218
1403715568562142976.000000 0.613400 -10.902171 2.258320
1403715568612143360.000000 0.794801 -11.117175 2.224735
1403715568662142976.000000 0.918667 -11.320967 2.106169
1403715568712143104.000000 0.989572 -11.537388 1.974188
1403715568762143232.000000 1.346851 -11.718409 2.071874
1403715568812143104.000000 1.545132 -11.890437 2.071129
1403715568862142976.000000 1.815195 -11.989200 2.006548
1403715568912143104.000000 1.985534 -12.167727 2.024350
1403715568962142976.000000 2.286047 -12.285883 1.991814
1403715569012143104.000000 2.516701 -12.371165 1.917345
1403715569062142976.000000 2.745535 -12.489461 1.891884
1403715569112143360.000000 3.028465 -12.542794 1.796834
1403715569162142976.000000 3.300531 -12.598712 1.699065
1403715569212143104.000000 3.543577 -12.696827 1.660780
1403715569262143232.000000 3.827713 -12.763532 1.625632
1403715569312143104.000000 4.060648 -12.882153 1.601924
1403715569362142976.000000 4.332554 -12.978075 1.645525
1403715569412143104.000000 4.564210 -13.041067 1.605325
1403715569462142976.000000 4.821393 -13.089380 1.567099
1403715569512143104.000000 5.046862 -13.179727 1.578603
1403715569562142976.000000 5.319595 -13.172758 1.537359
1403715569612143360.000000 5.581716 -13.145933 1.467297
1403715569662142976.000000 5.797436 -13.160951 1.487256
1403715569712143104.000000 6.088992 -13.068685 1.446455
1403715569762143232.000000 6.309319 -13.037331 1.442240
1403715569812143104.000000 6.564802 -12.958760 1.450586
1403715569862142976.000000 6.809229 -12.886160 1.456450
1403715569912143104.000000 6.995870 -12.800229 1.425097
1403715569962142976.000000 7.221989 -12.694149 1.404249
1403715570012143104.000000 7.505641 -12.508494 1.422846
1403715570062142976.000000 7.661660 -12.411772 1.403481
1403715570112143360.000000 7.782439 -12.301593 1.381768
1403715570162142976.000000 8.080606 -12.087041 1.439031
1403715570212143104.000000 8.243354 -11.863328 1.448558
1403715570262143232.000000 8.394577 -11.675036 1.404999
1403715570312143104.000000 8.587631 -11.473867 1.309960
1403715570362142976.000000 8.692686 -11.247758 1.279442
1403715570412143104.000000 8.996485 -10.914032 1.290579
1403715570462142976.000000 8.862530 -10.754248 1.333629
1403715570512143104.000000 9.102400 -10.481551 1.225589
1403715570562142976.000000 9.153758 -10.160484 1.188691
1403715570612143360.000000 9.211298 -9.900548 1.181066
1403715570662142976.000000 9.235238 -9.615477 1.111713
1403715570712143104.000000 9.263447 -9.388291 1.095227
1403715570762143232.000000 9.223287 -8.974354 1.100318
1403715570812143104.000000 9.014969 -8.264781 1.366979
1403715570862142976.000000 8.970236 -8.209114 0.883811
1403715570912143104.000000 8.917504 -8.053995 0.627842
1403715570962142976.000000 8.887633 -7.686845 0.718267
1403715571012143104.000000 8.849471 -7.414379 0.701824
1403715571062142976.000000 8.933303 -7.195568 0.792716
1403715571112143360.000000 8.891502 -6.858789 0.806175
1403715571162142976.000000 8.830050 -6.596828 0.786998
1403715571212143104.000000 8.683228 -6.283212 0.677030
1403715571262143232.000000 8.548245 -5.939161 0.573946
1403715571312143104.000000 8.499754 -5.708612 0.670427
1403715571362142976.000000 8.408370 -5.449994 0.609149
1403715571412143104.000000 8.316318 -5.202533 0.682898
1403715571462142976.000000 8.117019 -4.986252 0.544006
1403715571512143104.000000 7.986523 -4.696851 0.477987
1403715571562142976.000000 7.823682 -4.458147 0.429285
1403715571612143360.000000 7.686372 -4.269832 0.425657
1403715571662142976.000000 7.499571 -3.986978 0.438804
1403715571712143104.000000 7.310047 -3.753626 0.271495
1403715571762143232.000000 7.125330 -3.557089 0.127210
1403715571812143104.000000 7.058954 -3.386407 0.005767
1403715571862142976.000000 6.920500 -3.209056 -0.112443
1403715571912143104.000000 6.871596 -3.043406 -0.262236
1403715571962142976.000000 6.842315 -2.934627 -0.365251
1403715572012143104.000000 6.844041 -2.840449 -0.503876
1403715572062142976.000000 6.907105 -2.732174 -0.636078
1403715572112143360.000000 7.035102 -2.641098 -0.752541
1403715572162142976.000000 7.234112 -2.585610 -0.862152
1403715572212143104.000000 7.477864 -2.508194 -0.957927
1403715572262143232.000000 7.769020 -2.428229 -1.022123
1403715572312143104.000000 8.069809 -2.308646 -1.158087
1403715572362142976.000000 8.405071 -2.166370 -1.269723
1403715572412143104.000000 8.753771 -2.038634 -1.338232
1403715572462142976.000000 9.150339 -1.891351 -1.450221
1403715572512143104.000000 9.452949 -1.679556 -1.515969
1403715572562142976.000000 9.763493 -1.492943 -1.550748
1403715572612143360.000000 10.045158 -1.277615 -1.637179
1403715572662142976.000000 10.331144 -1.061987 -1.703041
1403715572712143104.000000 10.575981 -0.838731 -1.767054
1403715572762143232.000000 10.795086 -0.598800 -1.856435
1403715572812143104.000000 11.004567 -0.343486 -1.915554
1403715572862142976.000000 11.180013 -0.091541 -1.949883
1403715572912143104.000000 11.358544 0.163106 -2.012019
1403715572962142976.000000 11.465675 0.443020 -2.017454
1403715573012143104.000000 11.615765 0.716950 -1.957678
1403715573062142976.000000 11.713786 0.977298 -1.871801
1403715573112143360.000000 11.765262 1.290078 -1.827597
1403715573162142976.000000 11.877701 1.562296 -1.730669
1403715573212143104.000000 11.963074 1.801041 -1.645976
1403715573262143232.000000 12.038378 2.079518 -1.560904
1403715573312143104.000000 12.102143 2.338767 -1.487267
1403715573362142976.000000 12.103741 2.616571 -1.376511
1403715573412143104.000000 12.170175 2.811177 -1.264049
1403715573462142976.000000 12.211711 3.068411 -1.273134
1403715573512143104.000000 12.242772 3.300508 -1.147382
1403715573562142976.000000 12.344244 3.528962 -1.031167
1403715573612143360.000000 12.396076 3.748898 -0.990127
1403715573662142976.000000 12.416427 3.978152 -0.858242
1403715573712143104.000000 12.524418 4.195562 -0.884492
1403715573762143232.000000 12.647585 4.424951 -0.780990
1403715573812143104.000000 12.690921 4.640432 -0.724755
1403715573862142976.000000 12.800484 4.873920 -0.649266
1403715573912143104.000000 12.863363 5.122941 -0.579065
1403715573962142976.000000 12.950374 5.360988 -0.546865
1403715574012143104.000000 12.958386 5.622215 -0.471602
1403715574062142976.000000 12.999797 5.892758 -0.367920
1403715574112143360.000000 13.095994 6.180561 -0.288170
1403715574162142976.000000 13.126372 6.462580 -0.209192
1403715574212143104.000000 13.171345 6.788598 -0.109762
1403715574262143232.000000 13.198181 7.122220 -0.038801
1403715574312143104.000000 13.225522 7.453156 0.036338
1403715574362142976.000000 13.223617 7.781116 0.083293
1403715574412143104.000000 13.252391 8.127527 0.132358
1403715574462142976.000000 13.234973 8.503387 0.202601
1403715574512143104.000000 13.253981 8.826121 0.237153
1403715574562142976.000000 13.283587 9.217012 0.292927
1403715574612143360.000000 13.220523 9.521100 0.311370
1403715574662142976.000000 13.158170 9.851308 0.332600
1403715574712143104.000000 13.106325 10.179777 0.391907
1403715574762143232.000000 12.962795 10.433820 0.440222
1403715574812143104.000000 12.848646 10.700274 0.457810
1403715574862142976.000000 12.710326 10.995557 0.562796
1403715574912143104.000000 12.499915 11.195448 0.563103
1403715574962142976.000000 12.326391 11.463715 0.611102
1403715575012143104.000000 12.134278 11.723991 0.675916
1403715575062142976.000000 11.940865 12.002711 0.739796
1403715575112143360.000000 11.737585 12.244896 0.781342
1403715575162142976.000000 11.533270 12.487182 0.883572
1403715575212143104.000000 11.289288 12.710006 0.935162
1403715575262143232.000000 11.083108 12.937160 0.999183
1403715575312143104.000000 10.857979 13.133357 1.076514
1403715575362142976.000000 10.649324 13.319827 1.124523
1403715575412143104.000000 10.447367 13.474337 1.189426
1403715575462142976.000000 10.232724 13.610606 1.243949
1403715575512143104.000000 9.998275 13.732748 1.281245
1403715575562142976.000000 9.781450 13.830523 1.357553
1403715575612143360.000000 9.557616 13.920889 1.416683
1403715575662142976.000000 9.339308 14.002361 1.518605
1403715575712143104.000000 9.087280 14.068812 1.605784
1403715575762143232.000000 8.830939 14.100787 1.659628
1403715575812143104.000000 8.529140 14.090116 1.728791
1403715575862142976.000000 8.222293 14.072274 1.818544
1403715575912143104.000000 7.918302 14.021987 1.888962
1403715575962142976.000000 7.589281 13.939691 1.998988
1403715576012143104.000000 7.229926 13.853800 2.065520
1403715576062142976.000000 6.868281 13.763849 2.134679
1403715576112143360.000000 6.482745 13.643033 2.199530
1403715576162142976.000000 6.108873 13.481398 2.220389
1403715576212143104.000000 5.724923 13.323542 2.284510
1403715576262143232.000000 5.344594 13.171832 2.334327
1403715576312143104.000000 4.974538 12.974815 2.420519
1403715576362142976.000000 4.591332 12.860486 2.454599
1403715576412143104.000000 4.230002 12.715183 2.578723
1403715576462142976.000000 3.857399 12.506565 2.638335
1403715576512143104.000000 3.499298 12.300706 2.734853
1403715576562142976.000000 3.135765 12.087826 2.831357
1403715576612143360.000000 2.776552 11.810094 2.906624
1403715576662142976.000000 2.462205 11.626620 2.931654
1403715576712143104.000000 2.152450 11.278989 3.013424
1403715576762143232.000000 1.860516 10.993402 3.112401
1403715576812143104.000000 1.569305 10.665409 3.189930
1403715576862142976.000000 1.306284 10.344256 3.308496
1403715576912143104.000000 0.985876 9.895074 3.353339
1403715576962142976.000000 0.726063 9.530545 3.415116
1403715577012143104.000000 0.479557 9.182175 3.503789
1403715577062142976.000000 0.203347 8.747660 3.585412
1403715577112143360.000000 -0.069827 8.341183 3.677249
1403715577162142976.000000 -0.368145 7.855970 3.710376
1403715577212143104.000000 -0.621495 7.423708 3.784402
1403715577262143232.000000 -0.873935 7.034598 3.810770
1403715577312143104.000000 -1.135157 6.616678 3.772329
1403715577362142976.000000 -1.320878 6.229124 3.672297
1403715577412143104.000000 -1.541179 5.821418 3.606735
1403715577462142976.000000 -1.788979 5.377104 3.489307
1403715577512143104.000000 -2.003230 4.963469 3.418061
1403715577562142976.000000 -2.274838 4.508556 3.325622
1403715577612143360.000000 -2.510606 4.073702 3.285450
1403715577662142976.000000 -2.640892 3.707773 3.210276
1403715577712143104.000000 -2.859086 3.288777 3.258276
1403715577762143232.000000 -3.028738 2.885648 3.239354
1403715577812143104.000000 -3.162497 2.450836 3.212391
1403715577862142976.000000 -3.344338 2.028008 3.249923
1403715577912143104.000000 -3.551003 1.587910 3.259130
1403715577962142976.000000 -3.786111 1.081385 3.133731
1403715578012143104.000000 -3.879972 0.706132 3.047960
1403715578062142976.000000 -4.019203 0.273480 2.941182
1403715578112143360.000000 -4.150145 -0.138732 2.799663
1403715578162142976.000000 -4.288673 -0.542587 2.618590
1403715578212143104.000000 -4.325673 -0.900062 2.478203
1403715578262143232.000000 -4.339893 -1.246456 2.279687
1403715578312143104.000000 -4.342986 -1.567062 2.140044
1403715578362142976.000000 -4.332240 -1.887927 1.947058
1403715578412143104.000000 -4.260719 -2.161566 1.805232
1403715578462142976.000000 -4.243338 -2.447872 1.670089
1403715578512143104.000000 -4.138704 -2.672547 1.531259
1403715578562142976.000000 -4.054204 -2.863291 1.300301
1403715578612143360.000000 -3.924327 -3.126756 1.219782
1403715578662142976.000000 -3.769794 -3.382661 0.907207
1403715578712143104.000000 -3.666133 -3.550995 0.749617
1403715578762143232.000000 -3.543420 -3.667108 0.524955
1403715578812143104.000000 -3.363200 -3.779465 0.347863
1403715578862142976.000000 -3.212099 -3.815496 0.169903
1403715578912143104.000000 -3.168542 -3.827494 0.105335
1403715578962142976.000000 -3.017593 -3.768500 -0.122346
1403715579012143104.000000 -2.891866 -3.681663 -0.227402
1403715579062142976.000000 -2.787640 -3.544556 -0.367446
1403715579112143360.000000 -2.696337 -3.365173 -0.484217
1403715579162142976.000000 -2.646055 -3.170063 -0.559941
1403715579212143104.000000 -2.627342 -2.949816 -0.596275
1403715579262143232.000000 -2.648557 -2.719258 -0.606383
1403715579312143104.000000 -2.740654 -2.512495 -0.580935
1403715579362142976.000000 -2.837966 -2.273769 -0.588163
1403715579412143104.000000 -2.984938 -2.026077 -0.602074
1403715579462142976.000000 -3.158100 -1.786401 -0.638153
1403715579512143104.000000 -3.385441 -1.535575 -0.642295
1403715579562142976.000000 -3.645834 -1.262085 -0.677994
1403715579612143360.000000 -3.942165 -0.974731 -0.723386
1403715579662142976.000000 -4.239224 -0.698425 -0.717956
1403715579712143104.000000 -4.574833 -0.422437 -0.719799
1403715579762143232.000000 -4.928798 -0.183301 -0.697097
1403715579812143104.000000 -5.290690 0.155074 -0.669569
1403715579862142976.000000 -5.689751 0.422935 -0.627012
1403715579912143104.000000 -6.066497 0.709829 -0.602721
1403715579962142976.000000 -6.460387 1.024094 -0.448126
1403715580012143104.000000 -6.939095 1.290889 -0.425827
1403715580062142976.000000 -7.434514 1.600000 -0.370222
1403715580112143360.000000 -7.911131 1.893272 -0.364001
1403715580162142976.000000 -8.351659 2.185190 -0.378682
1403715580212143104.000000 -8.828056 2.502580 -0.432688
1403715580262143232.000000 -9.286043 2.772711 -0.479895
1403715580312143104.000000 -9.761131 3.032681 -0.510321
1403715580362142976.000000 -10.216371 3.257037 -0.506750
1403715580412143104.000000 -10.697652 3.512819 -0.514701
1403715580462142976.000000 -11.118051 3.776245 -0.589196
1403715580512143104.000000 -11.593205 3.996210 -0.563466
1403715580562142976.000000 -12.108460 4.202379 -0.547869
1403715580612143360.000000 -12.534586 4.395160 -0.547891
1403715580662142976.000000 -13.033891 4.684602 -0.556818
1403715580712143104.000000 -13.431600 4.893482 -0.565897
1403715580762143232.000000 -13.834955 5.085414 -0.613901
1403715580812143104.000000 -14.193478 5.249932 -0.642939
1403715580862142976.000000 -14.596442 5.424432 -0.647736
1403715580912143104.000000 -14.882585 5.562330 -0.673223
1403715580962142976.000000 -15.185921 5.706970 -0.697606
1403715581012143104.000000 -15.413609 5.860337 -0.721357
1403715581062142976.000000 -15.589899 5.955766 -0.681528
1403715581112143360.000000 -15.720649 6.060597 -0.629810
1403715581162142976.000000 -15.787128 6.149379 -0.631082
1403715581212143104.000000 -15.828016 6.263780 -0.598454
1403715581262143232.000000 -15.897245 6.409991 -0.569984
1403715581312143104.000000 -15.858535 6.533936 -0.522707
1403715581362142976.000000 -15.786339 6.595305 -0.547041
1403715581412143104.000000 -15.715409 6.699451 -0.532751
1403715581462142976.000000 -15.581193 6.792594 -0.551435
1403715581512143104.000000 -15.441626 6.901548 -0.516076
1403715581562142976.000000 -15.330930 6.997522 -0.521029
1403715581612143360.000000 -15.181225 7.127036 -0.555508
1403715581662142976.000000 -15.018698 7.212547 -0.609074
1403715581712143104.000000 -14.848451 7.323854 -0.703644
1403715581762143232.000000 -14.733619 7.436012 -0.758087
1403715581812143104.000000 -14.581065 7.573734 -0.831167
1403715581862142976.000000 -14.464986 7.687835 -0.860396
1403715581912143104.000000 -14.397105 7.827362 -0.899273
1403715581962142976.000000 -14.241553 7.948839 -0.881588
1403715582012143104.000000 -14.226049 8.063611 -0.881542
1403715582062142976.000000 -14.174362 8.189567 -0.896882
1403715582112143360.000000 -14.143338 8.302325 -0.920601
1403715582162142976.000000 -14.101419 8.412081 -0.984366
1403715582212143104.000000 -14.082335 8.597553 -0.804211
1403715582262143232.000000 -13.999187 8.704523 -0.675370
1403715582312143104.000000 -13.913042 8.792097 -0.673234
1403715582362142976.000000 -13.903764 8.904598 -0.724402
1403715582412143104.000000 -13.936039 8.988127 -0.740303
1403715582462142976.000000 -13.859083 9.062983 -0.781318
1403715582512143104.000000 -13.936713 9.156993 -0.777796
1403715582562142976.000000 -13.924760 9.230456 -0.780843
1403715582612143360.000000 -13.858572 9.306805 -0.836917
1403715582662142976.000000 -13.911624 9.389564 -0.804393
1403715582712143104.000000 -13.921285 9.495263 -0.780703
1403715582762143232.000000 -13.960769 9.614774 -0.720838
1403715582812143104.000000 -14.001774 9.748390 -0.728860
1403715582862142976.000000 -14.035721 9.841268 -0.796557
1403715582912143104.000000 -14.107411 10.018778 -0.691830
1403715582962142976.000000 -14.175596 10.170709 -0.748516
1403715583012143104.000000 -14.233556 10.352883 -0.799886
1403715583062142976.000000 -14.326388 10.527516 -0.905089
1403715583112143360.000000 -14.395354 10.749709 -0.984082
1403715583162142976.000000 -14.515438 10.999123 -1.084310
1403715583212143104.000000 -14.617302 11.287046 -1.129816
1403715583262143232.000000 -14.739137 11.568704 -1.254896
1403715583312143104.000000 -14.821747 11.843203 -1.403336
1403715583362142976.000000 -14.911670 12.122512 -1.487739
1403715583412143104.000000 -15.046039 12.361022 -1.588156
1403715583462142976.000000 -15.119234 12.646546 -1.630123
1403715583512143104.000000 -15.177726 12.908826 -1.669015
1403715583562142976.000000 -15.342886 13.174171 -1.692670
1403715583612143360.000000 -15.425042 13.371088 -1.765364
1403715583662142976.000000 -15.547538 13.537614 -1.830932
1403715583712143104.000000 -15.604865 13.651424 -1.883776
1403715583762143232.000000 -15.687460 13.705776 -1.926551
1403715583812143104.000000 -15.790865 13.695464 -2.094688
1403715583862142976.000000 -15.776863 13.616384 -2.129623
1403715583912143104.000000 -15.908211 13.445920 -2.137784
1403715583962142976.000000 -16.025283 13.195164 -2.221472
1403715584012143104.000000 -15.999636 12.867778 -2.040315
1403715584062142976.000000 -16.054158 12.463472 -2.005611
1403715584112143360.000000 -16.152681 11.969481 -1.993445
1403715584162142976.000000 -16.228293 11.439448 -1.843766
1403715584212143104.000000 -16.228212 10.861882 -1.665461
1403715584262143232.000000 -16.255639 10.226053 -1.554594
1403715584312143104.000000 -16.227466 9.570319 -1.350537
1403715584362142976.000000 -16.046870 8.921030 -1.113268
1403715584412143104.000000 -16.013425 8.235156 -1.145528
1403715584462142976.000000 -15.904313 7.571196 -1.081198
1403715584512143104.000000 -15.780719 6.932933 -1.016096
1403715584562142976.000000 -15.670619 6.305453 -0.963949
1403715584612143360.000000 -15.515005 5.668466 -0.951150
1403715584662142976.000000 -15.404546 5.048357 -0.921404
1403715584712143104.000000 -15.196478 4.473944 -0.841336
1403715584762143232.000000 -15.033763 3.904412 -0.801435
1403715584812143104.000000 -14.857330 3.397105 -0.770739
1403715584862142976.000000 -14.633996 2.884088 -0.712595
1403715584912143104.000000 -14.483883 2.397569 -0.642795
1403715584962142976.000000 -14.251221 1.932144 -0.585763
1403715585012143104.000000 -14.087597 1.455238 -0.638440
1403715585062142976.000000 -13.964849 1.083556 -0.534812
1403715585112143360.000000 -13.824279 0.711693 -0.488009
1403715585162142976.000000 -13.737424 0.389957 -0.465955
1403715585212143104.000000 -13.613735 0.080207 -0.375073
1403715585262143232.000000 -13.465949 -0.174553 -0.313366
1403715585312143104.000000 -13.401634 -0.356456 -0.206994
1403715585362142976.000000 -13.292590 -0.510444 -0.135456
1403715585412143104.000000 -13.193302 -0.640443 -0.009774
1403715585462142976.000000 -13.164362 -0.736250 0.040293
1403715585512143104.000000 -13.096415 -0.806449 0.127588
1403715585562142976.000000 -13.054764 -0.863228 0.188629
1403715585612143360.000000 -13.045822 -0.876981 0.253775
1403715585662142976.000000 -13.030627 -0.902262 0.308744
1403715585712143104.000000 -13.012360 -0.910703 0.352747
1403715585762143232.000000 -13.048605 -0.884805 0.351886
1403715585812143104.000000 -12.999629 -0.879512 0.374083
1403715585862142976.000000 -13.065099 -0.842686 0.289184
1403715585912143104.000000 -13.101165 -0.802475 0.202506
1403715585962142976.000000 -13.142028 -0.753568 0.073124
1403715586012143104.000000 -13.234035 -0.707343 0.002204
1403715586062142976.000000 -13.257775 -0.617978 -0.097070
1403715586112143360.000000 -13.317920 -0.512190 -0.131929
1403715586162142976.000000 -13.300819 -0.392283 -0.173331
1403715586212143104.000000 -13.314141 -0.285127 -0.219634
1403715586262143232.000000 -13.225154 -0.184888 -0.205608
1403715586312143104.000000 -13.230358 -0.092861 -0.229109
1403715586362142976.000000 -13.228510 -0.002504 -0.249394
1403715586412143104.000000 -13.190215 0.092255 -0.243525
1403715586462142976.000000 -13.166882 0.168296 -0.230444
1403715586512143104.000000 -13.118447 0.212233 -0.255244
1403715586562142976.000000 -13.086492 0.245143 -0.259577
1403715586612143360.000000 -13.086872 0.259375 -0.242829
1403715586662142976.000000 -13.092120 0.263499 -0.247861
1403715586712143104.000000 -13.108180 0.257539 -0.236540
1403715586762143232.000000 -13.130832 0.204232 -0.233724
1403715586812143104.000000 -13.151774 0.147585 -0.225726
1403715586862142976.000000 -13.260566 0.083710 -0.245942
1403715586912143104.000000 -13.268526 0.008321 -0.219924
1403715586962142976.000000 -13.303902 -0.060569 -0.211639
1403715587012143104.000000 -13.356334 -0.125231 -0.213754
1403715587062142976.000000 -13.359712 -0.203350 -0.175168
1403715587112143360.000000 -13.417536 -0.271529 -0.168383
1403715587162142976.000000 -13.442766 -0.324311 -0.121623
1403715587212143104.000000 -13.483412 -0.365477 -0.072042
1403715587262143232.000000 -13.526873 -0.425812 -0.035703
1403715587312143104.000000 -13.582986 -0.475049 0.005323
1403715587362142976.000000 -13.598435 -0.545756 0.074088
1403715587412143104.000000 -13.652766 -0.622954 0.127761
1403715587462142976.000000 -13.724303 -0.696414 0.175124
1403715587512143104.000000 -13.744790 -0.790867 0.255786
1403715587562142976.000000 -13.809919 -0.872699 0.299017
1403715587612143360.000000 -13.851294 -0.966737 0.348242
1403715587662142976.000000 -13.843032 -1.057525 0.404739
1403715587712143104.000000 -13.852482 -1.160492 0.440607
1403715587762143232.000000 -13.839803 -1.284321 0.529446
1403715587812143104.000000 -13.766948 -1.367406 0.582258
1403715587862142976.000000 -13.704357 -1.463311 0.607704
1403715587912143104.000000 -13.576489 -1.562945 0.655994
1403715587962142976.000000 -13.440312 -1.682475 0.742331
1403715588012143104.000000 -13.368349 -1.768186 0.792426
1403715588062142976.000000 -13.238188 -1.899318 0.884014
1403715588112143360.000000 -13.102651 -2.005425 0.889972
1403715588162142976.000000 -12.859567 -2.115074 0.910587
1403715588212143104.000000 -12.796396 -2.221378 0.777854
1403715588262143232.000000 -12.597911 -2.446835 0.792960
1403715588312143104.000000 -12.377154 -2.591158 0.637854
1403715588362142976.000000 -12.207495 -2.801674 0.557013
1403715588412143104.000000 -12.001282 -2.962446 0.420047
1403715588462142976.000000 -11.798800 -3.245177 0.265575
1403715588512143104.000000 -11.668758 -3.482923 0.124123
1403715588562142976.000000 -11.563480 -3.680485 0.003692
1403715588612143360.000000 -11.424009 -4.001913 -0.140467
1403715588662142976.000000 -11.296247 -4.314513 -0.259447
1403715588712143104.000000 -11.184485 -4.593055 -0.314598
1403715588762143232.000000 -11.087668 -4.948013 -0.517056
1403715588812143104.000000 -10.979048 -5.332532 -0.632603
1403715588862142976.000000 -10.855232 -5.584412 -0.799075
1403715588912143104.000000 -10.750222 -5.877012 -0.815560
1403715588962142976.000000 -10.605180 -6.339520 -0.930004
1403715589012143104.000000 -10.403617 -6.660153 -1.159572
1403715589062142976.000000 -10.292174 -6.968843 -1.195424
1403715589112143360.000000 -10.095116 -7.191258 -1.383230
1403715589162142976.000000 -9.791342 -7.392866 -1.561265
1403715589212143104.000000 -9.626303 -7.465481 -1.547246
1403715589262143232.000000 -9.421427 -7.745486 -1.567600
1403715589312143104.000000 -9.225123 -7.937398 -1.618017
1403715589362142976.000000 -8.908515 -8.140023 -1.578749
1403715589412143104.000000 -8.633505 -8.271696 -1.527791
1403715589462142976.000000 -8.276637 -8.371921 -1.485882
1403715589512143104.000000 -7.924022 -8.524276 -1.405537
1403715589562142976.000000 -7.550147 -8.567622 -1.337546
1403715589612143360.000000 -7.104766 -8.712167 -1.276549
1403715589662142976.000000 -6.643393 -8.728819 -1.175280
1403715589712143104.000000 -6.138478 -8.779078 -1.058124
1403715589762143232.000000 -5.596039 -8.820527 -0.829478
1403715589812143104.000000 -4.950977 -8.823648 -0.655067
1403715589862142976.000000 -4.427182 -8.629258 -0.458074
1403715589912143104.000000 -3.749525 -8.646860 -0.244101
1403715589962142976.000000 -3.133099 -8.620798 -0.038180
1403715590012143104.000000 -2.524192 -8.568211 0.199280
1403715590062142976.000000 -1.934136 -8.499755 0.351383
1403715590112143360.000000 -1.355228 -8.384228 0.570986
1403715590162142976.000000 -0.767082 -8.339967 0.776741
1403715590212143104.000000 -0.185008 -8.245849 0.898110
1403715590262143232.000000 0.371537 -8.146670 1.058488
1403715590312143104.000000 0.900875 -8.003322 1.178719
1403715590362142976.000000 1.463104 -7.924939 1.308282
1403715590412143104.000000 1.983205 -7.764764 1.522342
1403715590462142976.000000 2.532470 -7.693712 1.677277
1403715590512143104.000000 3.064811 -7.550425 1.874336
1403715590562142976.000000 3.506747 -7.368777 1.967269
1403715590612143360.000000 4.000834 -7.147063 2.049220
1403715590662142976.000000 4.488368 -6.929333 2.216004
1403715590712143104.000000 4.920087 -6.664370 2.324928
1403715590762143232.000000 5.356461 -6.389104 2.429213
1403715590812143104.000000 5.784581 -6.060827 2.535659
1403715590862142976.000000 6.245428 -5.695448 2.728052
1403715590912143104.000000 6.671316 -5.381728 2.879427
1403715590962142976.000000 7.081250 -4.993489 2.976383
1403715591012143104.000000 7.432320 -4.630011 3.070446
1403715591062142976.000000 7.877352 -4.302807 3.250961
1403715591112143360.000000 8.253713 -3.926177 3.353793
1403715591162142976.000000 8.606625 -3.574510 3.446131
1403715591212143104.000000 8.986259 -3.192263 3.554261
1403715591262143232.000000 9.352996 -2.825873 3.682735
1403715591312143104.000000 9.766050 -2.448798 3.769708
1403715591362142976.000000 10.073863 -2.045979 3.884262
1403715591412143104.000000 10.476771 -1.619283 3.934721
1403715591462142976.000000 10.805758 -1.228500 4.027701
1403715591512143104.000000 10.942600 -0.793786 4.131013
1403715591562142976.000000 11.324024 -0.344357 4.191718
1403715591612143360.000000 11.570636 0.110142 4.261692
1403715591662142976.000000 11.809525 0.562276 4.243000
1403715591712143104.000000 12.067568 1.015497 4.283493
1403715591762143232.000000 12.185065 1.524350 4.303086
1403715591812143104.000000 12.376199 2.004720 4.207591
1403715591862142976.000000 12.531844 2.487729 4.125721
1403715591912143104.000000 12.665911 3.018612 4.042637
1403715591962142976.000000 12.836329 3.479167 3.977413
1403715592012143104.000000 12.905933 3.977473 3.826242
1403715592062142976.000000 12.995216 4.497503 3.675944
1403715592112143360.000000 13.024600 5.018767 3.497279
1403715592162142976.000000 13.079998 5.505675 3.357191
1403715592212143104.000000 13.059477 5.992612 3.176199
1403715592262143232.000000 13.058344 6.462874 3.090967
1403715592312143104.000000 12.997832 6.960138 2.978072
1403715592362142976.000000 12.825255 7.396438 2.911157
1403715592412143104.000000 12.754072 7.870209 2.911649
1403715592462142976.000000 12.549981 8.272563 2.851917
1403715592512143104.000000 12.338836 8.699881 2.856033
1403715592562142976.000000 12.136545 9.078681 2.817451
1403715592612143360.000000 11.788038 9.445232 2.817548
1403715592662142976.000000 11.509394 9.809085 2.792075
1403715592712143104.000000 11.146811 10.105739 2.798361
1403715592762143232.000000 10.788970 10.367989 2.764699
1403715592812143104.000000 10.372780 10.606087 2.808529
1403715592862142976.000000 9.913105 10.774882 2.800238
1403715592912143104.000000 9.481992 10.963460 2.835555
1403715592962142976.000000 9.013113 11.135493 2.811492
1403715593012143104.000000 8.486579 11.254143 2.823808
1403715593062142976.000000 7.992047 11.409534 2.813232
1403715593112143360.000000 7.507711 11.493561 2.836033
1403715593162142976.000000 7.042257 11.633663 2.785896
1403715593212143104.000000 6.557834 11.720400 2.794249
1403715593262143232.000000 6.035003 11.881119 2.781703
1403715593312143104.000000 5.578140 11.969365 2.758485
1403715593362142976.000000 5.077686 12.137956 2.697032
1403715593412143104.000000 4.608316 12.206681 2.675807
1403715593462142976.000000 4.130912 12.268673 2.685881
1403715593512143104.000000 3.635735 12.360597 2.674022
1403715593562142976.000000 3.105043 12.434533 2.691271
1403715593612143360.000000 2.628378 12.444493 2.725194
1403715593662142976.000000 2.125035 12.530589 2.676496
1403715593712143104.000000 1.676982 12.481653 2.701742
1403715593762143232.000000 1.186048 12.536584 2.770733
1403715593812143104.000000 0.744852 12.529218 2.684418
1403715593862142976.000000 0.330973 12.434681 2.681652
1403715593912143104.000000 -0.073320 12.354450 2.657749
1403715593962142976.000000 -0.523724 12.236493 2.708774
1403715594012143104.000000 -0.874136 12.106667 2.667769
1403715594062142976.000000 -1.233297 11.937123 2.702504
1403715594112143360.000000 -1.629598 11.807975 2.758871
1403715594162142976.000000 -1.920170 11.621558 2.662839
1403715594212143104.000000 -2.238734 11.400521 2.640347
1403715594262143232.000000 -2.551855 11.198370 2.640554
1403715594312143104.000000 -2.878159 10.975763 2.599067
1403715594362142976.000000 -3.147173 10.736801 2.610895
1403715594412143104.000000 -3.461093 10.479658 2.597515
1403715594462142976.000000 -3.716461 10.216897 2.594307
1403715594512143104.000000 -3.971486 9.924467 2.597380
1403715594562142976.000000 -4.179309 9.608900 2.605884
1403715594612143360.000000 -4.428924 9.316307 2.603519
1403715594662142976.000000 -4.644684 8.975791 2.572662
1403715594712143104.000000 -4.818246 8.627003 2.553403
1403715594762143232.000000 -4.978257 8.248622 2.570893
1403715594812143104.000000 -5.154255 7.880584 2.557113
1403715594862142976.000000 -5.293565 7.468104 2.578301
1403715594912143104.000000 -5.401430 7.046688 2.590375
1403715594962142976.000000 -5.597260 6.604764 2.507599
1403715595012143104.000000 -5.723670 6.139405 2.576541
1403715595062142976.000000 -5.858168 5.675642 2.558142
1403715595112143360.000000 -6.014275 5.194287 2.549630
1403715595162142976.000000 -6.145936 4.656709 2.523093
1403715595212143104.000000 -6.317296 4.120514 2.564291
1403715595262143232.000000 -6.479671 3.590630 2.521529
1403715595312143104.000000 -6.645481 3.029643 2.482898
1403715595362142976.000000 -6.840844 2.462726 2.462206
1403715595412143104.000000 -7.041116 1.890662 2.456959
1403715595462142976.000000 -7.185532 1.325719 2.441932
1403715595512143104.000000 -7.346016 0.742718 2.414493
1403715595562142976.000000 -7.520762 0.167428 2.390898
1403715595612143360.000000 -7.696938 -0.410599 2.357975
1403715595662142976.000000 -7.851864 -0.960140 2.310498
1403715595712143104.000000 -8.051950 -1.526366 2.278193
1403715595762143232.000000 -8.189569 -2.078984 2.289444
1403715595812143104.000000 -8.315586 -2.567508 2.290693
1403715595862142976.000000 -8.400107 -3.044242 2.251885
1403715595912143104.000000 -8.459015 -3.508438 2.262377
1403715595962142976.000000 -8.497675 -3.908799 2.288110
1403715596012143104.000000 -8.508944 -4.268608 2.305089
1403715596062142976.000000 -8.491994 -4.530509 2.368599
1403715596112143360.000000 -8.463046 -4.742704 2.438185
1403715596162142976.000000 -8.407296 -4.895394 2.527591
1403715596212143104.000000 -8.369643 -4.981785 2.625212
1403715596262143232.000000 -8.315352 -4.945885 2.697541
1403715596312143104.000000 -8.262783 -4.901266 2.796023
1403715596362142976.000000 -8.181828 -4.771818 2.898864
1403715596412143104.000000 -8.101745 -4.619734 2.990448
1403715596462142976.000000 -8.045701 -4.451347 3.107286
1403715596512143104.000000 -7.934812 -4.285818 3.233087
1403715596562142976.000000 -7.811870 -4.065012 3.333841
1403715596612143360.000000 -7.648840 -3.871480 3.435225
1403715596662142976.000000 -7.483071 -3.709633 3.554387
1403715596712143104.000000 -7.290017 -3.541770 3.688455
1403715596762143232.000000 -7.078099 -3.408614 3.805511
1403715596812143104.000000 -6.841870 -3.287380 3.906166
1403715596862142976.000000 -6.568655 -3.195280 4.007957
1403715596912143104.000000 -6.259009 -3.147299 4.116963
1403715596962142976.000000 -5.915433 -3.126749 4.178108
1403715597012143104.000000 -5.580367 -3.169753 4.257617
1403715597062142976.000000 -5.159531 -3.233517 4.385956
1403715597112143360.000000 -4.697537 -3.333861 4.484993
1403715597162142976.000000 -4.274604 -3.460394 4.523804
1403715597212143104.000000 -3.734993 -3.657179 4.625979
1403715597262143232.000000 -3.286282 -3.849751 4.683228
1403715597312143104.000000 -2.745963 -4.117594 4.790318
1403715597362142976.000000 -2.183927 -4.357008 4.915374
1403715597412143104.000000 -1.611398 -4.653681 5.015900
1403715597462142976.000000 -1.052346 -4.905590 5.066188
1403715597512143104.000000 -0.496045 -5.212293 5.166965
1403715597562142976.000000 0.012536 -5.552834 5.296598
1403715597612143360.000000 0.581432 -5.842360 5.388101
1403715597662142976.000000 1.088317 -6.121935 5.355921
1403715597712143104.000000 1.587917 -6.418466 5.425758
1403715597762143232.000000 2.048661 -6.700826 5.447227
1403715597812143104.000000 2.547078 -6.960237 5.498469
1403715597862142976.000000 2.993120 -7.259782 5.511806
1403715597912143104.000000 3.464410 -7.532445 5.510735
1403715597962142976.000000 3.889546 -7.857456 5.597732
1403715598012143104.000000 4.307360 -8.132436 5.675101
1403715598062142976.000000 4.714926 -8.465750 5.739898
1403715598112143360.000000 5.135179 -8.772437 5.762921
1403715598162142976.000000 5.524062 -9.037733 5.743452
1403715598212143104.000000 5.891148 -9.295352 5.740479
1403715598262143232.000000 6.242385 -9.559258 5.764782
1403715598312143104.000000 6.617805 -9.807964 5.715750
1403715598362142976.000000 6.955755 -10.041512 5.681787
1403715598412143104.000000 7.214502 -10.271568 5.628850
1403715598462142976.000000 7.460209 -10.488546 5.576646
1403715598512143104.000000 7.792226 -10.668026 5.555635
1403715598562142976.000000 7.987585 -10.810863 5.506813
1403715598612143360.000000 8.113808 -10.934506 5.435524
1403715598662142976.000000 8.186000 -11.087634 5.370006
1403715598712143104.000000 8.220962 -11.202037 5.249849
1403715598762143232.000000 8.217343 -11.331355 5.199523
1403715598812143104.000000 8.154504 -11.431558 5.124826
1403715598862142976.000000 8.192504 -11.454240 5.030133
1403715598912143104.000000 8.142168 -11.515478 4.927068
1403715598962142976.000000 8.006350 -11.578582 4.810506
1403715599012143104.000000 7.932444 -11.578001 4.662613
1403715599062142976.000000 7.835921 -11.648135 4.564553
1403715599112143360.000000 7.738304 -11.675287 4.453671
1403715599162142976.000000 7.608716 -11.690134 4.285017
1403715599212143104.000000 7.539057 -11.659953 4.147737
1403715599262143232.000000 7.479344 -11.628557 4.010950
1403715599312143104.000000 7.260966 -11.663560 3.816385
1403715599362142976.000000 7.119782 -11.658732 3.637120
1403715599412143104.000000 6.993820 -11.656433 3.462606
1403715599462142976.000000 6.850367 -11.647994 3.308708
1403715599512143104.000000 6.737354 -11.650613 3.153386
1403715599562142976.000000 6.587458 -11.656547 2.994334
1403715599612143360.000000 6.482013 -11.653729 2.826785
1403715599662142976.000000 6.295904 -11.719153 2.673877
1403715599712143104.000000 6.107220 -11.782079 2.520392
1403715599762143232.000000 5.947371 -11.827155 2.355449
1403715599812143104.000000 5.723076 -11.941995 2.218453
1403715599862142976.000000 5.550414 -12.003385 2.118701
1403715599912143104.000000 5.246924 -12.151952 1.929731
1403715599962142976.000000 4.999645 -12.245320 1.821291
1403715600012143104.000000 4.761711 -12.322864 1.636585
1403715600062142976.000000 4.515686 -12.413317 1.530630
1403715600112143360.000000 4.254398 -12.504229 1.407711
1403715600162142976.000000 3.959973 -12.602921 1.291772
1403715600212143104.000000 3.697183 -12.676432 1.129589
1403715600262143232.000000 3.480412 -12.679386 0.958240
1403715600312143104.000000 3.261752 -12.655326 0.774376
1403715600362142976.000000 3.021189 -12.642114 0.633018
1403715600412143104.000000 2.814494 -12.594720 0.483728
1403715600462142976.000000 2.621395 -12.502151 0.353690
1403715600512143104.000000 2.400546 -12.417207 0.204682
1403715600562142976.000000 2.280635 -12.277855 0.117434
1403715600612143360.000000 2.127228 -12.117764 -0.031172
1403715600662142976.000000 1.997762 -11.907022 -0.171970
1403715600712143104.000000 1.872622 -11.823698 -0.250337
1403715600762143232.000000 1.743938 -11.675045 -0.309827
1403715600812143104.000000 1.653970 -11.474787 -0.356002
1403715600862142976.000000 1.564426 -11.284821 -0.380578
1403715600912143104.000000 1.515078 -11.074407 -0.391951
1403715600962142976.000000 1.468534 -10.938587 -0.395571
1403715601012143104.000000 1.451810 -10.713045 -0.338327
1403715601062142976.000000 1.441742 -10.520943 -0.276604
1403715601112143360.000000 1.453535 -10.348360 -0.175802
1403715601162142976.000000 1.460733 -10.184074 -0.072494
1403715601212143104.000000 1.474469 -9.950850 0.053662
1403715601262143232.000000 1.503443 -9.786031 0.156371
1403715601312143104.000000 1.539487 -9.559120 0.302983
1403715601362142976.000000 1.571627 -9.322291 0.475075
1403715601412143104.000000 1.632653 -9.120003 0.657147
1403715601462142976.000000 1.661172 -8.867603 0.745422
1403715601512143104.000000 1.711825 -8.602270 0.898143
1403715601562142976.000000 1.747061 -8.343640 1.001049
1403715601612143360.000000 1.814593 -8.057351 1.136364
1403715601662142976.000000 1.845500 -7.763825 1.236261
1403715601712143104.000000 1.888550 -7.463010 1.400551
1403715601762143232.000000 1.905995 -7.133469 1.488523
1403715601812143104.000000 1.972090 -6.825798 1.582003
1403715601862142976.000000 2.034055 -6.540204 1.712409
1403715601912143104.000000 2.045450 -6.175048 1.814848
1403715601962142976.000000 2.105757 -5.903297 1.918769
1403715602012143104.000000 2.146258 -5.553767 1.996141
1403715602062142976.000000 2.182912 -5.242833 2.177950
1403715602112143360.000000 2.177397 -4.894854 2.205126
1403715602162142976.000000 2.200605 -4.596443 2.335370
1403715602212143104.000000 2.173962 -4.331427 2.425492
1403715602262143232.000000 2.150211 -4.033806 2.491231
1403715602312143104.000000 2.076525 -3.720072 2.532216
1403715602362142976.000000 2.008041 -3.458793 2.603832
1403715602412143104.000000 1.880061 -3.149913 2.595820
1403715602462142976.000000 1.753333 -2.862153 2.645984
1403715602512143104.000000 1.640554 -2.563007 2.684467
1403715602562142976.000000 1.500004 -2.283548 2.708877
1403715602612143360.000000 1.399492 -2.006031 2.764860
1403715602662142976.000000 1.235783 -1.722805 2.740861
1403715602712143104.000000 1.138287 -1.416892 2.762540
1403715602762143232.000000 1.004806 -1.184409 2.738160
1403715602812143104.000000 0.892371 -0.890886 2.688438
1403715602862142976.000000 0.753423 -0.598188 2.604010
1403715602912143104.000000 0.652480 -0.289580 2.499448
1403715602962142976.000000 0.548940 0.016498 2.374774
1403715603012143104.000000 0.404641 0.280217 2.187185
1403715603062142976.000000 0.290217 0.588316 2.022457
1403715603112143360.000000 0.200529 0.843718 1.881580
1403715603162142976.000000 0.138122 1.178487 1.715984
1403715603212143104.000000 0.050498 1.519947 1.588103
1403715603262143232.000000 -0.047135 1.801340 1.413690
1403715603312143104.000000 -0.150560 2.112835 1.234394
1403715603362142976.000000 -0.224824 2.415096 1.090512
1403715603412143104.000000 -0.257278 2.750034 0.938844
1403715603462142976.000000 -0.315234 3.062756 0.827880
1403715603512143104.000000 -0.354263 3.380351 0.691116
1403715603562142976.000000 -0.327295 3.705235 0.646532
1403715603612143360.000000 -0.356115 4.010077 0.499736
1403715603662142976.000000 -0.429204 4.295506 0.380780
1403715603712143104.000000 -0.395251 4.601298 0.305410
1403715603762143232.000000 -0.422578 4.920920 0.238521
1403715603812143104.000000 -0.423324 5.153504 0.168643
1403715603862142976.000000 -0.390851 5.485119 0.063539
1403715603912143104.000000 -0.509948 5.628304 0.031059
1403715603962142976.000000 -0.468855 5.858497 0.007684
1403715604012143104.000000 -0.572490 5.997780 0.022011
1403715604062142976.000000 -0.515966 6.179056 0.002687
1403715604112143360.000000 -0.635113 6.265472 -0.037596
1403715604162142976.000000 -0.581419 6.419631 0.010739
1403715604212143104.000000 -0.604975 6.519665 0.016791
1403715604262143232.000000 -0.562369 6.576284 -0.019057
1403715604312143104.000000 -0.579303 6.627696 -0.005447
1403715604362142976.000000 -0.577552 6.674511 -0.032201
1403715604412143104.000000 -0.495532 6.765250 -0.039026
1403715604462142976.000000 -0.471397 6.778689 -0.045372
1403715604512143104.000000 -0.463008 6.809969 -0.202437
1403715604562142976.000000 -0.365967 6.877427 -0.181848
1403715604612143360.000000 -0.315478 6.875194 -0.265291
1403715604662142976.000000 -0.283923 6.884819 -0.266597
1403715604712143104.000000 -0.174117 6.945239 -0.234855
1403715604762143232.000000 -0.100413 6.971904 -0.324896
1403715604812143104.000000 0.030731 7.021812 -0.325397
1403715604862142976.000000 0.116392 7.054056 -0.371639
1403715604912143104.000000 0.207454 7.084040 -0.406581
1403715604962142976.000000 0.266040 7.119486 -0.410881
1403715605012143104.000000 0.372828 7.156329 -0.456439
1403715605062142976.000000 0.475450 7.197276 -0.464108
1403715605112143360.000000 0.570474 7.227334 -0.473608
1403715605162142976.000000 0.668416 7.272844 -0.480092
1403715605212143104.000000 0.774493 7.307868 -0.479168
1403715605262143232.000000 0.892540 7.339045 -0.489563
1403715605312143104.000000 0.976639 7.373164 -0.463111
1403715605362142976.000000 1.121678 7.419355 -0.453697
1403715605412143104.000000 1.207028 7.453879 -0.465775
1403715605462142976.000000 1.309658 7.487971 -0.458740
1403715605512143104.000000 1.428450 7.507085 -0.494762
1403715605562142976.000000 1.545154 7.531956 -0.559148
1403715605612143360.000000 1.643697 7.538819 -0.619194
1403715605662142976.000000 1.720300 7.572570 -0.695467
1403715605712143104.000000 1.838037 7.568016 -0.799799
1403715605762143232.000000 1.950029 7.568762 -0.861277
1403715605812143104.000000 2.023205 7.569427 -0.918034
1403715605862142976.000000 2.127822 7.552250 -0.973803
1403715605912143104.000000 2.245725 7.559272 -1.065616
1403715605962142976.000000 2.357775 7.555901 -1.109735
1403715606012143104.000000 2.445383 7.568457 -1.171795
1403715606062142976.000000 2.549491 7.549125 -1.247248
1403715606112143360.000000 2.610120 7.591558 -1.338380
1403715606162142976.000000 2.742898 7.561348 -1.410547
1403715606212143104.000000 2.824238 7.545257 -1.479901
1403715606262143232.000000 2.962336 7.610789 -1.572371
1403715606312143104.000000 3.062483 7.581180 -1.602898
1403715606362142976.000000 3.163671 7.591521 -1.695221
1403715606412143104.000000 3.225069 7.620299 -1.701127
1403715606462142976.000000 3.386790 7.656238 -1.751963
1403715606512143104.000000 3.623282 7.728234 -1.741001
1403715606562142976.000000 3.720098 7.727525 -1.670550
1403715606612143360.000000 3.802893 7.727752 -1.657216
1403715606662142976.000000 3.877098 7.729706 -1.667946
1403715606712143104.000000 3.950048 7.727819 -1.681950
1403715606762143232.000000 4.028338 7.719754 -1.715889
1403715606812143104.000000 4.082414 7.714152 -1.738123
1403715606862142976.000000 4.137345 7.696045 -1.775010
1403715606912143104.000000 4.187717 7.674204 -1.820043
1403715606962142976.000000 4.222644 7.646748 -1.860816
1403715607012143104.000000 4.249678 7.621720 -1.912810
1403715607062142976.000000 4.269610 7.599519 -1.968184
1403715607112143360.000000 4.285059 7.580759 -2.022058
1403715607162142976.000000 4.293956 7.566334 -2.071951
1403715607212143104.000000 4.304432 7.559945 -2.120157
1403715607262143232.000000 4.311291 7.557541 -2.162717
1403715607312143104.000000 4.316387 7.557208 -2.200001
1403715607362142976.000000 4.316566 7.568610 -2.229171
1403715607412143104.000000 4.321783 7.580060 -2.255686
1403715607462142976.000000 4.321465 7.592422 -2.277340
1403715607512143104.000000 4.319296 7.611314 -2.300716
1403715607562142976.000000 4.315173 7.639204 -2.318003
1403715607612143360.000000 4.310390 7.669367 -2.331930
1403715607662142976.000000 4.304092 7.701544 -2.338888
1403715607712143104.000000 4.298159 7.739739 -2.345235
1403715607762143232.000000 4.292020 7.781474 -2.364459
1403715607812143104.000000 4.283768 7.832611 -2.392660
1403715607862142976.000000 4.277063 7.880707 -2.437712
1403715607912143104.000000 4.271398 7.933539 -2.497205
1403715607962142976.000000 4.276888 7.935222 -2.486555
1403715608012143104.000000 4.275403 7.932646 -2.482222
1403715608062142976.000000 4.273885 7.934395 -2.490807
1403715608112143360.000000 4.273912 7.930600 -2.497404
1403715608162142976.000000 4.277341 7.932568 -2.497434
1403715608212143104.000000 4.275047 7.932704 -2.497909
1403715608262143232.000000 4.272630 7.931326 -2.498923
1403715608312143104.000000 4.275893 7.932543 -2.500127
1403715608362142976.000000 4.275704 7.931775 -2.500310
1403715608412143104.000000 4.273825 7.929933 -2.501306
1403715608462142976.000000 4.275560 7.931835 -2.501539
1403715608512143104.000000 4.274888 7.931934 -2.501850
1403715608562142976.000000 4.275045 7.931450 -2.502554
1403715608612143360.000000 4.275252 7.931079 -2.502530
1403715608662142976.000000 4.275753 7.931559 -2.502702
1403715608712143104.000000 4.275198 7.931347 -2.503446
1403715608762143232.000000 4.274778 7.931654 -2.503132
1403715608812143104.000000 4.274742 7.931238 -2.503352
1403715608862142976.000000 4.275409 7.931061 -2.503480
1403715608912143104.000000 4.275448 7.930952 -2.503631
1403715608962142976.000000 4.275045 7.931159 -2.503520
1403715609012143104.000000 4.275033 7.931874 -2.504125
1403715609062142976.000000 4.275145 7.931356 -2.503921
1403715609112143360.000000 4.275159 7.931199 -2.504008
1403715609162142976.000000 4.275095 7.931280 -2.504306
1403715609212143104.000000 4.274857 7.931161 -2.504029
1403715609262143232.000000 4.275026 7.931104 -2.503984
1403715609312143104.000000 4.274880 7.931064 -2.504059
1403715609362142976.000000 4.274747 7.931047 -2.504295