6.78366
8.56276
13.0379
15.1132
15.8218
25.2339
24.1676
27.0281
39.1077
38.9398
37.873
45.8266
28.4657
25.5454
29.7945
31.2271
26.8334
40.8917
36.9784
57.9249
57.5525
62.3609
68.5417
71.9725
91.8423
86.3926
94.1368
98.9574
88.2435
101.244
94.5956
118.281
96.0028
104.689
100.721
100.892
96.3482
88.2814
88.2534
94.8683
107.591
92.6046
91.3808
118.928
108.332
141.134
106.097
117.123
100.288
56.6205
22.4261
18.377
25.8901
27.7654
28.299
37.3308
37.8426
42.4546
39.3918
37.2765
44.603
52.4772
55.6062
61.1435
51.9305
67.4204
75.1437
73.2558
78.0855
78.5987
86.1223
82.9775
95.2022
101.609
90.0067
112.535
120.301
107.557
107.332
88.8668
104.771
64.6252
63.703
61.4494
46.2514
43.414
60.8181
55.2633
55.7801
106.169
58.6528
55.073
63.1789
64.0873
66.6814
74.1593
72.2462
76.8246
82.4668
99.5807
91.9119
112.568
113.067
109.919
109.803
99.708
108.051
111.448
133.823
101.278
97.6894
108.569
105.205
118.16
103.234
123.413
123.37
124.891
112.348
112.825
97.722
42.3982
17.4475
22.1023
28.3156
27.7356
29.7455
42.2033
36.3073
35.1566
41.3921
44.9566
56.3781
58.8051
67.1756
65.9982
73.7928
70.3717
105.334
79.7107
78.4661
90.5622
80.8943
94.1219
91.521
82.849
101.459
111.066
112.569
109.306
101.221
113.598
105.223
99.1811
124.282
107.27
97.2551
103.361
110.411
117.521
115.392
109.162
117.895
102.914
116.217
98.6296
17.6605
13.5992
14.2246
22.2138
24.7785
26.7197
24.0038
26.7045
30.1592
30.9142
36.0988
41.1249
40.3228
50.1736
40.3312
135.346
124.109
106.663
127.021
114.138
108.736
110.278
128.335
100.03
125.746
115.428
121.164
157.252
132.766
124.265
76.6401
55.3034
118.193
123.216
115.022
115.986
131.603
127.274
115.191
123.753
124.269
107.303
105.437
105.387
60.512
47.2129
106.971
122.796
132.912
120.944
117.645
127.79
113.372
113.873
122.594
109.368
92.8609
120.039
123.128
115.187
121.447
109.273
114.709
108.006
121.882
120.607
135.14
117.1
111.864
119.097
110.585
118.063
117.812
120.892
113.569
124.738
119.659
124.52
108.578
110.497
116.322
114.27
115.107
104.15
115.48
105.854
108.223
116.092
108.807
122.402
128.812
118.292
116.787
113.84
105.746
