1403715523912143104.000000 0.000000000 0.000000000 0.000000000 -0.000000000 -0.000000000 -0.000000000 1.000000000
1403715528412143104.000000 -0.001221511 -0.022289526 -0.000305621 -0.005121034 0.000131803 -0.001100265 0.999986291
1403715528462142976.000000 -0.005552676 -0.035472736 0.001233701 -0.010364131 0.000456167 -0.000377275 0.999946117
1403715528512143104.000000 -0.016784532 -0.065082207 0.000765766 -0.014493790 0.000955931 0.001038884 0.999894023
1403715528562142976.000000 -0.034328651 -0.118249185 0.000081780 -0.015366437 0.001081387 0.002568693 0.999878049
1403715528612143360.000000 -0.056269947 -0.193759784 -0.000203666 -0.013661992 0.001478886 0.003907460 0.999897957
1403715528662142976.000000 -0.083027795 -0.287675560 0.000667980 -0.011225255 0.001967741 0.005598763 0.999919415
1403715528712143104.000000 -0.113306321 -0.395471245 -0.000906322 -0.009093106 0.002601551 0.007065423 0.999930322
1403715528762143232.000000 -0.148483559 -0.513726175 -0.003222821 -0.007204056 0.003234686 0.008242361 0.999934852
1403715528812143104.000000 -0.185025528 -0.641902626 -0.007649473 -0.005679204 0.004161220 0.008165981 0.999941885
1403715528862142976.000000 -0.222140610 -0.780468047 -0.014093895 -0.003461491 0.004685157 0.008079068 0.999950409
1403715528912143104.000000 -0.265577286 -0.922643304 -0.022120038 -0.002380926 0.005424924 0.008215745 0.999948680
1403715528962142976.000000 -0.311048090 -1.060120225 -0.029301580 -0.001930704 0.006131351 0.007596229 0.999950469
1403715529012143104.000000 -0.366911530 -1.197262406 -0.042701889 -0.003208578 0.005855033 0.005723193 0.999961376
1403715529062142976.000000 -0.434537739 -1.337409735 -0.065168455 -0.004927306 0.003264343 0.005998800 0.999964535
1403715529112143360.000000 -0.503982902 -1.507992268 -0.089087345 -0.004972936 -0.001881373 0.006487360 0.999964833
1403715529162142976.000000 -0.583903968 -1.695130944 -0.125379905 -0.005071879 -0.008185402 0.004879679 0.999941766
1403715529262143232.000000 -0.745965660 -2.123424053 -0.213151634 -0.009453894 -0.024314199 0.000535103 0.999659538
1403715529312143104.000000 -0.829266429 -2.339089632 -0.246468753 -0.012501932 -0.033367597 -0.002871991 0.999360800
1403715529512143104.000000 -1.221757889 -3.053322554 -0.303730279 -0.014022164 -0.067396656 -0.020070942 0.997425854
1403715529812143104.000000 -1.989405274 -3.720619440 0.040894635 -0.005152519 -0.092033528 -0.033772931 0.995169699
1403715529912143104.000000 -2.236814499 -4.012580395 0.158466488 -0.002564775 -0.097353958 -0.033193007 0.994692862
1403715530012143104.000000 -2.571700096 -4.358468533 0.273638636 0.003851319 -0.099333808 -0.033993125 0.994465947
1403715530162142976.000000 -3.057128906 -4.935891151 0.393919289 0.016848681 -0.097041771 -0.043698289 0.994177818
1403715530812143104.000000 -6.422204971 -8.881681442 -0.457782388 0.002141801 -0.130694732 -0.042368401 0.990514636
1403715531412143104.000000 -10.370948792 -11.482754707 -0.624146104 -0.021318004 -0.189986989 -0.026280647 0.981203258
1403715531612143360.000000 -11.521199226 -12.060294151 -0.069497555 -0.005440010 -0.193159640 -0.023241218 0.980876982
1403715531912143104.000000 -12.740319252 -12.613055229 1.125179291 0.014249747 -0.185232326 -0.041263752 0.981724679
1403715532312143104.000000 -14.027331352 -13.017871857 2.263883352 0.029097484 -0.183137864 -0.047207907 0.981521964
1403715532512143104.000000 -14.505258560 -13.041776657 2.529459715 0.017604737 -0.196553975 -0.034584176 0.979724765
1403715532712143104.000000 -14.756685257 -12.984409332 2.672075272 0.017923346 -0.211564407 -0.005449405 0.977184534
1403715532912143104.000000 -14.471568108 -12.900769234 2.860614300 0.018725559 -0.214024946 0.009806139 0.976599455
1403715533112143360.000000 -13.728412628 -12.440592766 3.222532988 0.011776928 -0.180801824 0.027477806 0.983065128
1403715533312143104.000000 -12.267616272 -11.949757576 3.583406448 0.031562243 -0.124641344 0.032106500 0.991179883
1403715533512143104.000000 -10.339904785 -11.771724701 3.494730949 0.021676110 -0.088505641 0.034875557 0.995228946
1403715533962142976.000000 -4.157984257 -13.043586731 2.215712309 -0.007106481 -0.066240020 0.051336784 0.996456861
1403715534212143104.000000 0.215463966 -13.358210564 1.841034412 -0.006634988 -0.054878082 0.013118015 0.998384833
1403715534462142976.000000 4.526874065 -12.766507149 1.775332689 -0.005182323 -0.046378512 -0.004200039 0.998901665
1403715535012143104.000000 13.165181160 -10.807292938 2.693496227 -0.038533084 0.073654607 0.031346105 0.996046007
1403715535262143232.000000 16.704751968 -10.067390442 3.653409958 -0.064473294 0.115389749 0.050623976 0.989932120
1403715535612143360.000000 21.444627762 -9.802125931 6.107264519 -0.035362881 0.122630656 0.088665247 0.987851083
1403715535912143104.000000 25.624818802 -9.781532288 8.752673149 -0.019935818 0.096950658 0.046020102 0.994024813
1403715536212143104.000000 29.595628738 -9.889393806 11.594821930 -0.048216533 0.051998068 0.013721483 0.997388184
1403715536462142976.000000 32.344955444 -10.331308365 14.425593376 -0.040342983 0.040193588 -0.023695521 0.998095930
1403715536612143360.000000 33.728790283 -10.882463455 16.313472748 -0.024486464 0.038566004 -0.041773062 0.998082221
1403715536712143104.000000 34.384288788 -11.329222679 17.610235214 -0.009373134 0.038488735 -0.046675012 0.998124361
1403715536812143104.000000 34.856601715 -11.771679878 18.892795563 0.014850066 0.035000812 -0.047912382 0.998127699
1403715536912143104.000000 35.162414551 -12.203422546 20.093172073 0.036233369 0.033250008 -0.057290357 0.997145653
1403715537012143104.000000 35.336616516 -12.655228615 21.205171585 0.056534171 0.035628155 -0.072159752 0.995152056
1403715537112143360.000000 35.258815765 -13.109643936 22.136837006 0.082795396 0.038095415 -0.081129581 0.992527902
1403715537212143104.000000 34.893913269 -13.552212715 22.829618454 0.111850835 0.040152516 -0.083855681 0.989366174
1403715537312143104.000000 34.335670471 -13.942163467 23.228815079 0.132020742 0.034122132 -0.068945907 0.988257408
1403715537462142976.000000 33.058334351 -14.324971199 23.233364105 0.105531290 0.016399268 -0.018869704 0.994101703
1403715537612143360.000000 31.603004456 -14.587399483 22.700433731 0.041070685 0.005762726 0.018282060 0.998972356
1403715537762143232.000000 30.204597473 -14.792789459 21.933893204 0.028898055 0.005386408 0.034805112 0.998961747
1403715537962142976.000000 28.443813324 -15.015801430 20.698575974 0.049205106 0.010459027 0.037575614 0.998026848
1403715538162142976.000000 27.066576004 -15.008588791 19.096670151 0.025317872 0.011146243 0.051522579 0.998288691
1403715538312143104.000000 26.061450958 -14.728799820 17.900577545 0.016388368 0.030646259 0.061650615 0.997492611
1403715538712143104.000000 24.302585602 -13.134552956 14.247685432 0.052797765 0.131744862 0.057773676 0.988189220
1403715539062142976.000000 22.904499054 -10.926702499 10.126192093 0.006006321 0.254036993 0.099809594 0.962012053
1403715539662142976.000000 19.997297287 -5.465085030 3.876097679 -0.019350287 0.430625290 0.189834863 0.882128179
1403715539862142976.000000 19.202856064 -4.644931793 1.735755920 -0.011527786 0.442313224 0.195148841 0.875295997
1403715540112143360.000000 18.524587631 -4.409564972 -1.107278347 -0.043255564 0.421901226 0.222339958 0.877891421
1403715540412143104.000000 18.989212036 -4.515473366 -4.467751503 -0.051878307 0.413018167 0.216584295 0.883071840
1403715540662142976.000000 20.281084061 -4.399702072 -6.824550629 -0.083998881 0.416202962 0.204627171 0.881956339
1403715541112143360.000000 24.883903503 -4.342764854 -9.570688248 -0.051486440 0.427520901 0.209650978 0.877850473
1403715541362142976.000000 28.417819977 -4.273111343 -10.677625656 -0.016012963 0.428973764 0.215883464 0.876994610
1403715541662142976.000000 33.145423889 -3.899485350 -11.931287766 -0.057139009 0.436706215 0.202036247 0.874759495
1403715541812143104.000000 35.702651978 -3.734018803 -12.370832443 -0.068767808 0.446826816 0.169854477 0.875651896
1403715541962142976.000000 38.322776794 -3.610130310 -12.559412003 -0.068103254 0.454685956 0.129531801 0.878546596
1403715542362142976.000000 43.901939392 -4.313403130 -11.224065781 -0.008491687 0.400983751 0.078219675 0.912700176
1403715542512143104.000000 45.268775940 -4.871718407 -10.415766716 0.033253085 0.356500834 0.089943074 0.929360926
1403715543562142976.000000 49.113117218 -4.967167377 -7.329825878 0.034611855 0.298923254 0.114241771 0.946781814
1403715544112143360.000000 48.428131104 -3.111368179 -8.503475189 0.017366912 0.405156791 0.081522077 0.910439789
1403715544312143104.000000 47.085861206 -1.806788921 -8.944483757 0.005336269 0.471611738 0.142045230 0.870274127
1403715544562142976.000000 44.942237854 0.344173431 -9.193395615 0.003458250 0.557166576 0.205204144 0.804639578
1403715544712143104.000000 43.551040649 1.322522163 -9.466861725 0.005305893 0.588668406 0.214978546 0.779246807
1403715545062142976.000000 39.698860168 1.419686317 -10.766748428 0.000450388 0.607826948 0.213470683 0.764837503
1403715545212143104.000000 37.848411560 1.263368607 -11.392545700 -0.009679005 0.617845595 0.222263828 0.754169762
1403715545362142976.000000 35.969833374 1.385091782 -11.842348099 -0.014511580 0.633659601 0.234450966 0.737087309
1403715545562142976.000000 33.493972778 1.607010841 -12.449872971 0.008096761 0.640337944 0.265770167 0.720602512
1403715545712143104.000000 31.629814148 1.574267387 -13.053166389 0.019254234 0.640138030 0.280295432 0.715043426
1403715545862142976.000000 29.814733505 1.735664368 -13.852513313 0.014579614 0.634884715 0.273822933 0.722308695
1403715546062142976.000000 27.360969543 1.961242199 -15.083572388 -0.004106885 0.610656679 0.241224855 0.754249394
1403715546262143232.000000 24.886566162 2.128672123 -16.379928589 -0.009756909 0.552324235 0.211778298 0.806221247
1403715546512143104.000000 21.861284256 2.208762646 -18.057069778 -0.011021518 0.451951027 0.180789888 0.873460889
1403715546812143104.000000 18.241931915 2.265691280 -19.962253571 -0.044966046 0.317291141 0.137292609 0.937259376
1403715547162142976.000000 14.739217758 2.255305290 -21.481327057 -0.064716041 0.168928236 0.068045512 0.981144667
1403715547512143104.000000 11.571866035 1.764530540 -21.575572968 -0.073938541 0.039000165 0.005453718 0.996484995
1403715547962142976.000000 7.005454540 0.339691460 -19.039842606 -0.067250401 -0.121040657 -0.061849598 0.988433719
1403715548412143104.000000 1.710201859 -1.985231400 -14.406793594 0.001827526 -0.171316639 -0.078093417 0.982114434
1403715548762143232.000000 -2.853239775 -2.668170214 -10.574996948 -0.002759656 -0.165572628 -0.057814214 0.984497666
1403715549112143360.000000 -7.739087105 -3.333804846 -6.977475643 0.006752588 -0.171070725 -0.051043887 0.983912468
1403715549412143104.000000 -11.789159775 -3.986954689 -4.355903625 0.040464304 -0.200882390 -0.040777590 0.977929533
1403715549712143104.000000 -15.075783730 -4.339890480 -2.295672178 0.001412622 -0.216601476 -0.007892805 0.976227164
1403715550012143104.000000 -17.144790649 -4.988297462 -0.103720412 -0.004925600 -0.161475331 0.051621649 0.985513389
1403715550462142976.000000 -16.619506836 -6.934099674 3.377255678 -0.016612560 0.013576344 0.073597439 0.997057259
1403715550762143232.000000 -14.746066093 -8.567789078 5.669002056 -0.010602795 0.125245005 0.115650482 0.985305130
1403715551162142976.000000 -10.953928947 -9.276099205 8.810392380 -0.003066854 0.264963984 0.183502167 0.946631730
1403715551712143104.000000 -2.113369942 -10.713785172 9.915120125 0.027088670 0.462507457 0.231197804 0.855511904
1403715552312143104.000000 7.288785934 -10.485198021 7.348502636 0.047203574 0.669024885 0.212132260 0.710758328
1403715552712143104.000000 10.258441925 -9.957260132 4.372941971 0.060423646 0.783396482 0.237867609 0.571014822
1403715553012143104.000000 10.203102112 -9.404202461 2.402947426 0.073699735 0.846008599 0.298235923 0.435767263
1403715553262143232.000000 8.734734535 -8.658360481 0.482107162 0.082108058 0.887397408 0.318832368 0.322691917
1403715553462142976.000000 6.492782116 -7.979243279 -1.232125044 0.068697140 0.927891016 0.282179505 0.233824044
1403715554012143104.000000 -2.562066078 -6.225409508 -3.022679806 -0.027496072 0.935534716 0.336485505 0.103905663
1403715554112143360.000000 -4.268165112 -6.061703682 -3.039470673 -0.030379858 0.921988904 0.372195989 0.102389708
1403715554212143104.000000 -5.853844643 -5.910792828 -3.085114956 -0.034994915 0.908989906 0.402580738 0.102183983
1403715554312143104.000000 -7.412404060 -5.701914787 -3.269709826 -0.045335595 0.900671184 0.419439584 0.103954390
1403715554412143104.000000 -8.850940704 -5.401899338 -3.604924202 -0.077926010 0.899412453 0.415519953 0.111031272
1403715554512143104.000000 -10.158403397 -4.935246468 -4.009129524 -0.144341066 0.907401502 0.373018533 0.129016936
1403715554612143360.000000 -11.234517097 -4.347906113 -4.456654072 -0.212529942 0.910765946 0.322772384 0.145445839
1403715554762143232.000000 -12.064952850 -3.355707407 -4.896055222 -0.274095207 0.909380674 0.270386040 0.157448798
1403715555012143104.000000 -10.234272003 -2.715597630 -4.490938187 -0.241255790 0.928707659 0.233026072 0.158103153
1403715555462142976.000000 -1.238476396 -4.892737865 -0.663762569 0.084314264 0.914893687 0.370593429 0.136092275
1403715555612143360.000000 1.063806772 -5.507140636 0.338064909 0.057686407 0.925052881 0.349430501 0.137287155
1403715555762143232.000000 2.817019939 -6.377217770 1.075078726 0.037417877 0.924798548 0.350238562 0.143807307
1403715557212143104.000000 0.736191154 -9.494096756 -1.674572229 -0.036917467 0.898758531 0.396157861 0.184198543
1403715557362142976.000000 0.221575141 -8.961043358 -2.657420635 -0.032857597 0.891328216 0.414361089 0.180995345
1403715558012143104.000000 -0.575055599 -5.904279709 -9.697091103 -0.035747115 0.921234667 0.352376550 0.160871431
1403715558212143104.000000 -0.373206139 -5.638089180 -12.324559212 -0.039886028 0.920258820 0.358186424 0.152431279
1403715558612143360.000000 0.477477074 -4.838024139 -17.616643906 -0.036413305 0.940903425 0.300428331 0.152045131
1403715558812143104.000000 1.054263115 -3.925761223 -19.548534393 -0.029167775 0.943297327 0.289359152 0.160033509
1403715559062142976.000000 1.860963821 -3.103286743 -21.214843750 -0.051785316 0.936575711 0.281081945 0.202822998
1403715559312143104.000000 2.681310654 -2.770774841 -22.033016205 -0.054616351 0.923631251 0.269800782 0.266702086
1403715559562142976.000000 3.563251495 -2.658392906 -21.952686310 -0.061251637 0.895840943 0.296355247 0.325408667
1403715559862142976.000000 4.858533859 -1.918889046 -21.031324387 -0.062075030 0.872652948 0.311940789 0.370562375
1403715560112143360.000000 6.380857468 -1.312653065 -19.849048615 -0.080387861 0.850721300 0.301121294 0.423245966
1403715560412143104.000000 8.924897194 -1.617283821 -18.257513046 -0.051607255 0.812762558 0.307774335 0.491964191
1403715560762143232.000000 12.428851128 -2.251663685 -16.241357803 -0.045664228 0.767220497 0.290678442 0.569906592
1403715561162142976.000000 16.870925903 -3.138783455 -13.701419830 -0.049996160 0.694444656 0.258448184 0.669665337
1403715561562142976.000000 21.712837219 -4.184835911 -10.916622162 -0.015643101 0.628723443 0.256095439 0.734082639
1403715561962142976.000000 26.457782745 -5.042476177 -8.571537018 -0.002182181 0.577169240 0.181983501 0.796086013
1403715562362142976.000000 29.418453217 -6.210269928 -6.168490410 0.007280783 0.544215739 0.126788080 0.829277396
1403715562762143232.000000 29.713754654 -7.711033821 -2.913417816 -0.033498831 0.503256559 0.146372572 0.850991070
1403715563162142976.000000 28.809614182 -9.501919746 1.381840706 -0.000715281 0.426951528 0.158871323 0.890208900
1403715563612143360.000000 27.023618698 -11.204942703 5.754079342 0.031108871 0.263249993 0.062043611 0.962227762
1403715564062142976.000000 23.239919662 -10.595438957 9.206443787 0.053899512 0.073849171 0.033531349 0.995247126
1403715565112143360.000000 15.216801643 -10.746476173 7.962068558 0.037706107 -0.399089426 -0.153368473 0.903207660
1403715565762143232.000000 11.921929359 -12.287996292 3.811450481 0.057106800 -0.645017385 -0.190718219 0.737779081
1403715566012143104.000000 11.939961433 -12.520410538 1.899078369 0.051082309 -0.740276039 -0.232389346 0.628790259
1403715566212143104.000000 12.340428352 -12.698667526 0.574693680 0.051566415 -0.807079494 -0.258393317 0.528390467
1403715566512143104.000000 13.679072380 -12.878955841 -0.968532562 0.053797398 -0.881548643 -0.282269329 0.374568909
1403715566562142976.000000 13.954508781 -12.791732788 -1.097852707 0.053862017 -0.891272843 -0.283019841 0.350187719
1403715566662142976.000000 14.454636574 -12.665288925 -1.338363647 0.055527426 -0.907984912 -0.285852760 0.301277846
1403715566962142976.000000 16.616569519 -12.248668671 -1.660896301 0.049579371 -0.944599092 -0.296859562 0.130953923
1403715567062142976.000000 17.565753937 -12.309032440 -1.627906799 0.042816538 -0.949210942 -0.304726362 0.065629922
1403715567162142976.000000 18.410144806 -12.221262932 -1.402717113 -0.031229118 0.950537086 0.308982819 0.005796360
1403715567262143232.000000 19.436784744 -12.126488686 -1.145263195 -0.025270866 0.944896460 0.317059815 0.077492997
1403715567362142976.000000 20.442873001 -12.184120178 -0.830083370 -0.026757630 0.933214426 0.325121403 0.150634974
1403715567462142976.000000 21.293624878 -12.063680649 -0.380905151 -0.032975376 0.916843057 0.328746676 0.224136293
1403715567562142976.000000 22.084962845 -11.868242264 0.022459030 -0.038568296 0.896917522 0.328267068 0.293755233
1403715568262143232.000000 27.825458527 -9.751788139 4.677722931 -0.018608354 0.703096390 0.219640136 0.676067591
1403715568712143104.000000 29.673336029 -9.698030472 8.405231476 -0.003900158 0.519900799 0.157670692 0.839540303
1403715569262143232.000000 29.277442932 -10.612771034 13.088190079 -0.008056592 0.292497694 0.101381421 0.950842798
1403715571162142976.000000 16.676971436 -10.583009720 15.372973442 0.030268397 -0.454919636 -0.150340796 0.877228379
1403715571562142976.000000 14.493488312 -9.091135979 12.539586067 0.036508348 -0.488452762 -0.151604384 0.858543694
1403715571862142976.000000 13.432282448 -7.500878811 10.764455795 -0.091301285 -0.501561582 -0.111006938 0.853098810
1403715572212143104.000000 11.962048531 -6.346517563 11.453663826 -0.117131181 -0.478672296 -0.179283515 0.851475537
1403715572562142976.000000 8.695636749 -6.399997234 13.896841049 0.052334331 -0.533105373 -0.227333546 0.813252330
1403715572962142976.000000 4.645448685 -6.171364784 14.760879517 0.051470462 -0.634234250 -0.243922338 0.731846809
1403715573362142976.000000 1.206216812 -7.022809029 13.621608734 0.029777450 -0.733391404 -0.255294412 0.629345000
1403715573712143104.000000 -1.312002182 -7.640240192 12.675477982 0.006612659 -0.797713578 -0.284487873 0.531672776
1403715573962142976.000000 -3.248132706 -8.028141022 12.094444275 0.013749707 -0.825521886 -0.335454762 0.453646004
1403715574162142976.000000 -4.939847946 -8.372860909 11.328653336 0.006820432 -0.855183005 -0.358754486 0.374046594
1403715574362142976.000000 -6.848922729 -8.558554649 10.360318184 0.042034708 -0.889607608 -0.349271685 0.291274160
1403715574712143104.000000 -9.920177460 -8.376655579 8.203129768 0.090467736 -0.905660272 -0.357921243 0.208536521
1403715575062142976.000000 -11.566410065 -7.984833717 5.078844070 0.048191376 -0.921499431 -0.342245519 0.177156448
1403715575412143104.000000 -12.386096954 -7.614491940 1.773835659 0.063446373 -0.929856420 -0.307839572 0.191249654
1403715575812143104.000000 -11.654603004 -7.278471947 -1.482409000 0.118468970 -0.914894640 -0.316067845 0.221436337
1403715576112143360.000000 -9.363183975 -7.029034615 -3.963069439 0.068577103 -0.917066753 -0.318558216 0.229796559
1403715576462142976.000000 -5.695078850 -6.642638683 -6.764136791 0.055960368 -0.929412603 -0.286678553 0.225557193
1403715577012143104.000000 1.550405979 -6.978306293 -9.021535873 0.052772526 -0.914799035 -0.300594509 0.264576614
1403715577462142976.000000 8.711857796 -6.650569916 -9.138191223 0.023557557 -0.901452661 -0.299198598 0.311942905
1403715577812143104.000000 13.896419525 -6.220291138 -8.533657074 0.012254682 -0.898928106 -0.300081491 0.318950295
1403715578162142976.000000 18.682420731 -5.486395359 -7.256687164 -0.054404981 -0.876371682 -0.302363276 0.370930254
1403715578512143104.000000 21.539443970 -4.312537193 -4.845497131 -0.040406112 -0.821461260 -0.305003494 0.480147511
1403715578862142976.000000 22.326831818 -3.080513954 -2.094179153 -0.037189301 -0.747441828 -0.381062031 0.542899072
1403715579012143104.000000 21.839366913 -2.609251976 -1.502368927 -0.004596660 -0.747859538 -0.370026678 0.551149070
1403715579362142976.000000 19.763061523 -1.764517307 -2.313230515 0.115375161 -0.755240262 -0.338459134 0.549314380
1403715579612143360.000000 18.851989746 -0.750453472 -4.712968826 0.078615576 -0.759992898 -0.331251442 0.553627014
1403715579962142976.000000 18.204961777 0.650630951 -9.665636063 0.072156176 -0.773435533 -0.304252565 0.551381350
1403715580312143104.000000 18.063156128 2.710070133 -15.418277740 0.043335989 -0.741586864 -0.259909779 0.616942286
1403715580612143360.000000 18.228965759 4.721799850 -20.146110535 -0.000957997 -0.698640585 -0.213045537 0.683016896
1403715580962142976.000000 18.581184387 6.437290192 -24.468231201 -0.086038083 -0.679628551 -0.171657562 0.707980335
1403715581312143104.000000 18.022071838 6.821379185 -25.875997543 -0.069753371 -0.665751040 -0.204120815 0.714314222
1403715581812143104.000000 15.531608582 6.743953228 -24.816173553 0.044236232 -0.727456272 -0.284222931 0.622950912
1403715582162142976.000000 13.859451294 6.583898067 -24.964883804 0.060370114 -0.804273605 -0.271559060 0.525123894
1403715582512143104.000000 12.794857025 6.760110855 -25.229661942 0.045660596 -0.813833237 -0.304737091 0.492672175
1403715583012143104.000000 11.475677490 7.315297127 -26.649591446 0.013248378 -0.783845365 -0.346762806 0.514943302
1403715583362142976.000000 9.500358582 8.903290749 -28.583953857 0.035305254 -0.805129945 -0.268389821 0.527717948
1403715583712143104.000000 7.899993896 10.312080383 -30.270198822 0.087955073 -0.838025391 -0.156650022 0.515206873
1403715584312143104.000000 13.998516083 8.703111649 -28.253822327 0.000112892 -0.831398368 -0.217939064 0.511154950
1403715584712143104.000000 20.300340652 6.456514359 -23.389465332 -0.021024136 -0.801357448 -0.312098354 0.509881198
1403715585162142976.000000 24.801736832 4.167544365 -18.523021698 -0.007405978 -0.766744316 -0.382776439 0.515296578
1403715585912143104.000000 26.062450409 2.697387218 -17.234500885 0.015318722 -0.797172666 -0.328007728 0.506647766
1403715587962142976.000000 27.509029388 1.688269615 -17.274301529 -0.014451260 -0.766016245 -0.237223938 0.597273052
1403715588462142976.000000 28.340024948 1.340101242 -13.632741928 0.040895350 -0.642338574 -0.170367524 0.746125758
1403715589062142976.000000 31.998331070 2.045217037 -8.143464088 -0.040124755 -0.459473610 -0.195077509 0.865574241
1403715589412143104.000000 32.595687866 1.231798649 -4.790500641 -0.070649825 -0.376975745 -0.183493018 0.905112267
1403715589912143104.000000 29.471448898 -3.054281235 1.233887672 -0.009614761 -0.339087307 -0.144199982 0.929587960
1403715590662142976.000000 20.567680359 -10.516946793 9.151246071 0.031052930 -0.424184412 -0.216834113 0.878684402
1403715591162142976.000000 12.805100441 -13.725504875 11.315705299 0.026421057 -0.602596223 -0.245611474 0.758850873
1403715591662142976.000000 4.638294220 -15.608526230 11.748909950 0.044308357 -0.745234668 -0.322102159 0.582161725
1403715592112143360.000000 -2.577739716 -14.223272324 10.353948593 0.086173564 -0.824701369 -0.356198132 0.430772185
1403715592512143104.000000 -7.149000168 -12.041995049 6.976154327 0.130255714 -0.887318194 -0.351605117 0.268465549
1403715593112143360.000000 -7.232275009 -8.950533867 -1.367959738 0.043447945 -0.935553074 -0.350400656 0.008488965
1403715594812143104.000000 7.786929131 -3.038967848 -14.847240448 -0.089603074 0.702983975 0.260489613 0.655690432
1403715595762143232.000000 23.959606171 -3.259082556 -10.954957962 -0.003184109 0.409998447 0.084849820 0.908125341
1403715596262143232.000000 28.139503479 -4.459034920 -9.157111168 0.095010854 0.298067153 -0.007675023 0.949773669
1403715596862142976.000000 24.364547729 -6.861657619 -8.900820732 -0.130758405 0.155971229 0.082194775 0.975612283
1403715597512143104.000000 22.444681168 -12.106827736 -0.173743829 -0.007035736 0.070431545 0.068589993 0.995130837
1403715598162142976.000000 22.911340714 -16.788311005 10.218558311 0.041457206 -0.027996905 0.001405404 0.998746991
1403715598662142976.000000 23.643146515 -18.043516159 15.479823112 0.124937788 -0.025706057 0.020401333 0.991621673
1403715599262143232.000000 24.931419373 -15.726340294 15.608628273 0.019878132 -0.017434744 0.007993934 0.999618471
1403715599712143104.000000 26.030292511 -13.022831917 14.852905273 0.024921052 -0.034703672 0.061293893 0.997204900
1403715600162142976.000000 28.759410858 -10.060420990 13.376372337 0.009819823 -0.011356621 -0.023749646 0.999605179
1403715600712143104.000000 29.346397400 -6.619858265 10.904913902 -0.033685457 -0.183350608 -0.086850405 0.978623986
1403715601562142976.000000 24.684881210 -7.674845695 7.347630501 0.009738503 -0.335498005 -0.146057174 0.930598497
1403715602462142976.000000 17.113765717 -8.892623901 2.277617216 0.031661939 -0.234204829 -0.067295410 0.969338417
1403715603362142976.000000 11.233130455 -4.486316681 -3.380733013 -0.018021800 0.000075212 -0.008676300 0.999799967
1403715604362142976.000000 5.530548573 -1.739267111 -6.453102589 -0.034459423 0.030725613 0.027022565 0.998568118
1403715605112143360.000000 3.928642035 -1.552821040 -5.185626984 -0.011301866 0.032358933 0.018359866 0.999243796
1403715605962142976.000000 2.058594465 -1.424158335 -2.847770214 0.000715530 0.018009229 0.015502229 0.999717414
1403715607012143104.000000 0.544003367 -1.060064197 -0.013630975 0.020454908 -0.006441558 0.021760782 0.999533176
1403715607662142976.000000 0.349660665 -0.381079316 0.256072700 0.005720974 0.000552480 0.003022277 0.999978960
1403715608062142976.000000 0.019923525 -0.070569985 0.117128514 0.003064332 0.000310649 -0.003446945 0.999989331
1403715608462142976.000000 0.022226561 -0.054234881 0.126210824 0.000351343 -0.000753031 -0.000845499 0.999999285
