4.67285
1.5719
1.64035
2.00189
1.12446
0.281023
0.34193
1.11328
0.283306
1.92797
1.18701
0.336951
0.327853
1.3877
0.449389
0.387008
0.804624
1.40831
0.608174
0.332974
1.26499
0.319946
0.60879
0.404631
1.18303
0.301867
0.340659
1.33003
0.45263
0.664019
0.675239
1.31055
0.364687
0.524771
1.99974
0.532585
0.964309
1.49074
1.13228
0.671082
0.384489
2.07435
0.381483
2.18579
0.559666
0.602802
0.733251
0.67721
0.723736
0.73496
0.619845
1.85548
0.362702
2.40105
0.507474
0.773129
0.671379
0.649509
0.401048
0.42564
0.701306
1.31599
0.595367
0.422925
1.41599
0.486697
0.770607
0.836054
0.863793
0.374045
0.373437
0.63367
0.365675
1.17683
0.31647
0.340654
1.76467
0.561236
0.515963
0.453976
0.466986
0.41249
0.726869
0.393547
0.423646
0.673918
1.32423
0.384537
0.735889
0.376856
0.59245
0.360467
0.374715
0.576022
0.395908
0.994699
0.746614
0.377585
0.354591
0.373598
0.651577
0.399954
0.477835
0.401191
0.415495
0.417564
0.606192
0.504331
0.685243
0.631328
0.377597
0.370253
0.36034
0.37265
0.412568
0.421811
0.408621
0.399252
0.382169
0.375296
0.372313
0.420074
0.366051
0.402235
0.507264
0.79393
0.792301
0.481102
0.745791
0.441274
0.670453
0.416122
0.407732
0.507449
0.404481
1.39375
0.899106
0.51474
0.414468
0.381612
0.679026
0.616811
0.379318
0.503519
0.358619
0.34567
0.364804
0.704607
0.658702
0.359644
0.356362
0.334201
0.33385
0.342361
0.322093
0.346986
0.377667
0.351022
1.59875
0.603046
0.410132
1.40678
0.397825
0.56797
0.420014
0.451907
0.503206
0.686742
0.541372
0.725559
0.354021
0.453754
0.327411
0.326091
0.329526
0.314655
0.314206
1.20757
0.331185
1.23168
0.310789
0.349053
0.287629
0.290461
0.383805
0.352263
0.335052
0.330619
0.313637
0.319404
0.309254
0.305061
0.302945
0.293705
0.303897
0.28641
0.358719
1.19365
0.314205
0.416004
0.531452
1.31376
0.479293
0.575771
0.632515
0.536586
0.509328
0.38435
0.569394
0.359352
0.334103
0.316162
0.332634
0.322738
0.302772
0.432469
0.414138
0.392137
2.09596
1.26329
0.368109
0.642045
0.658546
0.405301
0.429962
0.575957
0.411987
0.360959
0.346761
0.514341
0.307725
0.326285
0.291453
0.292728
0.281722
0.326901
0.261242
0.275359
0.265564
0.259707
0.267014
1.30335
1.12363
0.394624
0.300657
0.470993
0.367368
0.25985
0.259674
0.295471
0.305306
0.359879
0.47671
0.285985
0.376352
0.50589
0.548991
0.31339
0.349683
0.620571
0.396298
0.484823
0.40242
0.307874
0.358246
0.306347
1.15421
0.399942
0.413931
1.2325
0.383915
0.335874
0.42098
0.398982
0.309355
0.271444
0.302182
0.255559
0.267765
0.245246
0.247291
0.390537
0.284085
0.441248
0.316961
0.293649
0.313863
0.357887
0.250402
0.248128
0.322985
1.14221
1.14861
0.397159
0.385952
0.44119
0.398687
0.328254
0.335353
0.231042
0.269938
0.248377
0.28654
0.23811
0.483101
0.305649
0.235135
0.362926
0.385562
0.367291
0.212387
0.236242
0.267431
0.43066
0.408076
0.224825
0.201436
0.199508
0.681913
0.309072
0.627946
0.327816
0.31781
0.309477
0.210606
0.276429
0.330177
0.285288
0.491024
0.368266
0.236468
0.233286
0.219016
0.350606
0.228885
0.212891
0.392275
0.24478
0.228535
0.406465
0.230767
0.274965
0.37362
0.342469
0.277699
0.250317
1.03899
0.458562
1.04272
0.450582
0.486474
0.383683
0.282585
0.36191
0.32696
0.473034
0.45836
0.431771
0.238397
0.241982
0.242597
0.2391
0.243802
0.232174
0.2278
0.222867
0.288127
0.379633
0.530542
0.28291
0.52766
0.336603
0.2723
0.396291
0.778256
0.393619
0.392093
1.07326
0.34546
0.219444
0.217133
0.223941
0.210777
0.281345
0.510463
0.318225
0.312733
0.270916
0.25235
0.249136
0.257209
0.272243
0.244797
0.246442
0.240469
0.254496
0.422302
0.256787
0.26156
0.334209
0.287142
0.252486
0.249323
0.237473
0.36389
0.88895
1.17908
0.4173
0.614662
0.433042
0.504093
0.395329
0.351351
0.232028
0.41454
0.270578
0.198472
0.197409
0.194096
0.198712
0.199073
0.205517
0.194276
0.210341
0.229533
0.263896
0.211786
0.216679
0.425803
0.352794
0.238262
0.337864
0.242145
0.245634
0.243799
0.250654
1.16886
0.913007
0.224598
0.329289
0.257039
0.232189
0.210687
0.228905
0.43906
0.407349
0.45299
0.327924
0.225946
0.344982
0.231012
0.416704
0.487081
0.53731
0.601518
0.490696
0.434833
0.395915
0.453358
0.32885
0.408204
0.405558
0.463475
0.246092
0.400278
0.239091
0.873682
0.454089
1.06801
0.515003
0.397444
0.340984
0.463555
0.442415
0.38358
0.33499
0.294948
0.260129
0.424018
0.402225
0.245721
0.258464
0.268576
0.279156
0.272368
0.631615
0.572867
0.492382
0.375381
0.456321
0.388883
0.406803
0.544723
0.604805
0.746845
1.33747
1.57109
0.472718
0.301274
0.470473
0.302484
0.316708
0.513187
0.30991
0.510434
0.460621
0.541516
0.575451
0.555406
0.38722
0.237533
0.331284
0.377864
0.274837
0.410787
0.401911
0.497341
0.263381
0.408099
0.418255
0.268297
0.386891
0.248243
0.308419
0.253404
0.39321
0.38795
1.10022
0.423613
1.12732
0.268687
0.251482
0.22353
0.269672
0.324487
0.305749
0.26278
0.278789
0.239102
0.218922
0.270674
0.437704
0.233756
0.295338
0.238562
0.247983
0.391822
0.270354
0.374958
0.301531
0.235231
0.231401
0.448979
0.380432
0.402073
0.256421
1.1891
0.331173
1.38727
0.414037
0.287146
0.323342
0.476825
0.326879
0.29248
0.265401
0.227547
0.224512
0.194241
0.223242
0.261162
0.21207
0.200878
0.34958
0.334657
0.282082
0.275277
0.369455
0.400226
0.372379
0.323394
0.414417
0.304959
0.491913
0.312541
0.264119
0.641444
0.47322
1.35214
0.539465
1.34693
0.573021
0.431813
1.00655
0.464958
0.268401
0.310293
0.271543
0.25408
0.395328
0.242951
0.255521
0.247298
0.249786
0.267385
0.309988
0.403077
0.258551
0.278211
0.288406
0.269779
0.285238
0.258491
0.41789
0.448327
0.47002
1.48919
0.491434
1.45497
0.346254
0.289306
0.478401
0.428314
0.421639
0.267168
0.385444
0.352394
0.34538
0.280881
0.216121
0.277145
0.277383
0.22833
0.226725
0.244076
0.334952
0.270026
0.264831
0.247245
0.37802
0.313084
0.248502
0.311851
0.241937
0.666481
0.554053
0.286977
0.263933
0.259854
0.270886
0.214527
0.215527
0.20789
0.178494
0.19834
0.261214
0.432255
0.217823
0.242516
0.227992
0.226589
0.254462
0.241518
0.289858
0.29438
0.380295
0.411103
0.636195
0.333683
0.523609
0.26593
0.258594
0.286112
0.276894
0.364634
0.308349
0.425205
0.378378
0.363129
0.262879
0.351842
0.271301
0.215471
0.213125
0.208774
0.388985
0.388245
0.441962
0.379797
0.2471
0.289552
0.312026
0.262411
0.435387
0.404647
0.380771
0.323009
0.478423
0.37591
0.413508
0.312285
1.37227
0.342621
0.493184
0.316611
0.263212
0.316274
0.345082
0.594791
0.307404
0.271143
0.346859
0.379576
0.396377
0.224676
0.24141
0.434514
0.408341
0.290797
0.275793
0.294016
0.424011
0.252783
0.396642
0.263318
0.428448
0.448994
0.459418
0.281275
0.442981
0.45834
0.30123
0.498828
0.342545
0.419046
0.386341
0.288829
0.266882
0.252924
0.254999
0.269227
0.225276
0.422821
0.233309
0.26334
0.326916
0.432223
0.424814
0.258083
0.259508
0.279824
0.346733
0.383159
0.264593
0.320786
0.27149
0.31741
0.249074
0.260359
0.257978
0.724179
0.47255
0.479471
0.324492
0.307758
0.286866
0.265664
0.275059
0.317587
0.260387
0.321634
0.273251
0.340858
0.247956
0.232439
0.234655
0.221786
0.21964
0.344039
0.236358
0.286143
0.319476
0.282627
0.293441
0.293812
0.307631
0.363192
0.379685
0.272453
0.26552
0.253847
0.377607
0.291121
0.42305
0.382897
0.297042
0.664089
0.39565
0.405724
0.271628
0.38061
0.420935
0.402163
0.389954
0.419377
0.370329
0.23012
0.274771
0.249518
0.256834
0.380426
0.432584
0.293527
0.305274
0.269772
0.457814
0.292058
0.242701
0.23694
0.257093
0.242346
0.505768
0.555172
0.510555
0.49284
0.318583
0.581994
0.298358
0.448519
0.460057
0.399674
0.265943
0.488334
0.292646
0.408212
0.444463
0.348348
0.30987
0.456156
0.498019
0.427889
0.374339
0.480853
0.409899
0.283918
0.503055
0.317234
0.387455
0.448872
0.332452
0.396911
0.336011
0.501442
0.335216
0.329866
0.430587
0.656441
0.35825
0.528105
0.742363
0.682317
0.662263
0.549619
0.636351
0.611964
0.517451
0.542651
0.607244
0.764162
0.633122
0.751022
0.445926
0.50814
0.524703
0.567095
0.515697
0.599632
0.354005
0.537037
0.50619
0.320317
0.414015
0.51973
0.368849
0.290667
0.455303
0.443758
0.418911
0.282061
0.50632
0.29804
0.287305
0.307696
0.326848
0.311253
0.398462
0.332295
0.435487
0.365107
0.311721
0.294363
0.329583
0.461381
0.473199
0.427557
0.312609
0.401354
0.550983
0.461933
0.484323
0.299971
0.357568
0.308874
0.285503
0.275169
0.294481
0.460028
0.753823
0.578155
0.493764
0.731211
0.721129
0.566195
0.420861
0.540609
0.575798
0.591115
0.585481
0.471631
0.493969
0.545064
0.63705
0.431103
0.393627
0.572861
0.338169
0.421456
0.367831
0.495054
0.620724
0.912788
0.365794
0.330236
0.337508
0.312091
0.319056
0.368799
0.30689
0.30086
0.311187
0.384076
0.61623
0.474006
0.70076
0.85216
0.409365
0.712273
0.374325
0.545618
0.461358
0.402622
0.496705
0.392909
0.537906
0.383121
0.374166
0.385874
0.384882
0.346854
0.332399
0.348584
0.409563
0.405513
0.27561
0.285132
0.258956
0.272238
0.281168
0.272733
0.405153
0.306935
0.287052
0.338931
0.415598
0.285109
0.437149
0.629811
0.347336
0.400513
0.291469
0.335289
0.3048
0.292337
0.791037
0.377706
0.300145
0.286473
0.470083
0.370309
0.586622
0.37543
0.333654
0.531898
0.553215
0.542264
0.330065
1.00133
0.640399
0.336855
0.341965
0.521812
0.523175
0.329781
0.750517
0.55479
0.519385
0.471277
0.502635
0.317754
0.532859
0.477425
0.400203
0.693857
1.14004
0.393348
0.362366
0.302096
0.310347
0.32276
0.497745
0.279203
0.252236
0.273687
0.505335
0.227716
0.213979
0.238092
0.212243
0.206019
0.322194
0.281406
0.264687
0.472982
0.392415
0.230341
0.432367
0.453306
0.226619
0.228674
0.229025
0.250144
0.601698
0.330845
0.532847
0.26897
0.410405
0.260844
0.253487
0.390881
0.260473
0.400909
0.387366
0.335904
0.28367
0.252554
0.230684
0.226829
0.221703
0.232881
0.221836
0.214492
0.216364
0.337597
0.265978
0.271149
0.335895
0.305336
0.314769
0.308137
0.254285
0.291713
0.310297
0.25894
0.433495
0.281835
0.257661
0.290203
0.266168
0.362085
0.647756
0.393939
0.45695
0.36252
0.416158
0.421271
0.247583
0.412447
0.407801
0.572241
0.655642
0.481592
0.599258
0.302473
0.317138
0.261208
0.276514
0.437899
0.230693
0.226488
0.235085
0.218831
0.22674
0.216513
0.208486
0.313323
0.40272
0.300057
0.321685
0.391698
0.679245
0.282041
0.281504
0.288388
0.249113
0.400216
0.403155
0.377847
0.239412
0.294788
0.27208
0.405891
0.288598
0.448827
0.422194
0.330224
0.418053
0.462916
0.324273
0.227591
0.213407
0.226798
0.204807
0.227844
0.34915
0.375765
0.329041
0.223838
0.211725
0.212686
0.376013
0.32286
0.414902
0.348889
0.230709
0.436633
0.540438
0.39829
0.384093
0.37038
0.289798
0.360222
0.256494
0.236913
0.494938
0.223146
0.215448
0.239768
0.318168
0.283241
0.342432
0.338373
0.2717
0.436867
0.41959
0.310017
0.250073
0.290446
0.223033
0.512363
0.429879
0.402487
0.439739
0.414463
0.333261
0.39057
0.25088
0.209084
0.243785
0.223829
0.334349
0.211425
0.190667
0.330891
0.412534
0.326688
0.265194
0.269348
0.395595
0.400798
0.470956
0.237829
0.352659
0.228616
0.301578
0.269474
0.250109
0.282953
0.328919
0.28883
0.428659
0.291733
0.466303
0.261764
0.811272
0.357477
0.247904
0.213589
0.208681
0.200216
0.260358
0.272559
0.377104
0.382151
0.222161
0.19786
0.216584
0.354505
0.305152
0.209411
0.332678
0.192775
0.222281
0.224298
0.207268
0.223626
0.207319
0.203401
0.244557
0.279213
0.222278
0.225267
0.478084
0.215796
0.37897
0.229455
0.213834
0.25825
0.335245
0.250396
0.250931
0.429985
0.404182
0.311557
0.235799
0.222634
0.29051
0.249494
0.247539
0.253542
0.244703
0.538054
0.514916
0.511055
0.348444
0.287927
0.265902
0.256873
0.240619
0.263364
0.272787
0.217156
0.355412
0.334137
0.283581
0.26934
0.35298
0.409011
0.379852
0.770005
0.371295
0.441884
0.395883
0.406391
0.429194
0.277897
0.271364
0.246191
0.284844
0.326113
0.301098
0.300026
0.259287
0.25501
0.264636
0.434909
0.242156
0.237685
0.25127
0.471344
0.426526
0.271379
0.22669
0.249217
0.262906
0.238008
0.374766
0.319288
0.366518
0.433262
0.607861
0.304677
0.520118
0.38082
0.271775
0.258847
0.240768
0.260749
0.464548
0.45554
0.383945
0.50146
0.592849
0.47223
0.596708
0.369565
0.249008
0.243519
0.341423
0.234448
0.287886
0.226654
0.248725
0.222862
0.247687
0.266817
0.251113
0.3323
0.542697
0.488052
0.482387
0.513046
0.416092
0.267586
0.274725
0.271908
0.285155
0.386478
0.406679
0.283755
0.425942
0.369244
0.434187
0.413426
0.328368
0.310692
0.277128
0.282637
0.461181
0.434207
0.261877
0.475098
0.415369
0.498514
0.339738
0.281383
0.524634
0.467843
0.288088
0.281362
0.290005
0.297177
0.29308
0.296933
0.275843
0.257761
0.28688
0.281014
0.284555
0.27241
0.317082
0.296079
0.311351
0.265545
0.455207
0.276411
0.423022
0.359524
0.42273
0.420861
0.481073
0.381993
0.327255
0.615477
0.534318
0.537123
0.601391
0.516404
0.793361
0.565273
0.521859
0.525569
0.553763
0.319296
0.460216
0.384368
0.421759
0.317639
0.311602
0.339731
0.27857
0.453489
0.429432
0.492759
0.63069
0.415087
0.457301
0.501847
0.627585
0.301951
0.297501
0.312456
0.568015
0.387264
0.341739
0.322749
0.393766
0.731003
0.557631
0.773303
0.661326
0.855849
0.580211
0.653787
0.693258
0.506899
0.555502
0.596796
0.470044
0.515338
0.317662
0.371581
0.419186
0.493151
0.46831
0.555401
0.60032
0.475923
0.374692
0.565482
0.445798
0.513461
0.35944
0.402588
0.301868
0.294231
0.276418
0.455858
0.320231
0.436991
0.338155
0.362907
0.467547
0.781795
0.600306
0.567318
0.528681
0.356671
0.306164
0.447712
0.462784
1.11742
0.511094
0.868385
0.541085
0.447032
0.44318
0.534098
0.490418
0.449183
0.516795
0.503506
0.351242
0.612448
0.465804
0.327427
0.494294
0.316381
0.526186
0.364184
0.540622
0.559189
0.693253
0.709279
0.481426
0.512729
0.530288
0.560396
0.57423
0.318204
0.499966
0.437724
0.461373
0.485096
0.464249
0.451736
0.535547
0.442415
0.361945
0.670432
0.389744
0.291161
0.298373
0.294667
0.295046
0.287038
0.269432
0.316417
0.284385
0.301443
0.444565
0.537632
0.474779
0.453371
0.469929
0.576524
0.443354
0.356618
0.465784
0.471492
0.495443
0.499293
0.450096
0.993933
0.68467
0.644084
0.535487
0.550154
0.621539
0.478217
0.686775
0.407705
0.679703
0.662134
0.632707
0.577647
0.509144
0.530869
0.611866
0.59683
0.515826
0.520268
0.617986
0.540169
0.720279
0.485912
0.627756
0.366263
0.334955
0.343294
0.570994
0.306702
0.307406
0.30658
0.340319
0.300463
0.295336
0.288623
0.460025
0.321198
0.512829
0.318224
0.388302
0.581891
0.321577
0.375996
0.298167
0.463266
0.603362
0.398582
0.544238
0.332296
0.676962
0.338419
0.845819
0.437633
0.444904
0.492183
0.340247
0.329603
0.335759
0.395399
0.347258
0.342686
0.355312
0.334723
0.357114
0.345104
0.342911
0.317916
0.33618
0.332194
0.390356
0.343825
0.305725
0.319821
0.318767
0.289537
0.289356
0.275729
0.262019
0.373427
0.49415
0.392316
0.623149
0.583632
0.348056
0.357654
0.427302
0.778854
0.455321
0.783097
0.376979
0.330505
0.336416
0.328628
0.41934
0.315556
0.31822
0.486145
0.313619
0.302168
0.480538
0.306775
0.446057
0.357723
0.341637
0.471382
0.343362
0.308443
0.303436
0.303742
0.302086
0.307476
0.288773
0.626447
0.432475
0.461614
0.658021
0.612141
0.371822
0.624049
0.304318
0.346222
0.51004
0.344698
0.382819
0.302805
0.308534
0.291518
0.267548
0.3219
0.316878
0.307855
0.276006
0.283048
0.306879
0.261758
0.249011
0.25351
0.394056
0.542232
0.601686
0.677593
0.763292
0.663496
0.369389
0.491157
0.31073
0.327012
0.535047
0.597233
0.549129
0.293471
0.297688
0.298915
0.494007
0.305738
0.495699
0.32353
0.318416
0.602009
0.533001
0.404147
0.489772
0.423791
0.279859
0.268967
0.26035
0.301451
0.28464
0.26019
0.311326
0.495015
0.767987
0.444654
0.347677
0.575356
0.453249
0.343293
0.383937
0.610199
0.336986
0.41117
0.306958
0.370426
0.423366
0.301891
0.476117
0.292357
0.453073
0.294398
0.515385
0.290399
0.284455
0.248798
0.22678
0.431883
0.24452
0.237568
0.22028
0.21647
0.216083
0.225353
0.253473
0.239091
0.339813
0.375196
0.299278
0.413879
0.511749
0.490786
0.428018
0.452882
0.453174
0.28244
0.435832
0.263699
0.240573
0.387049
0.370466
0.284124
0.245376
0.253414
0.284477
0.256082
0.29002
0.289407
0.257869
0.274814
0.281975
0.26234
0.255237
0.322307
0.283655
0.325985
0.334275
0.564413
0.413418
0.2966
0.304542
0.323722
0.422424
0.328516
0.275184
0.30033
0.262405
0.251813
0.223374
0.231024
0.258913
0.255372
0.484623
0.338808
0.365067
0.416918
0.393839
0.312014
0.316602
0.308959
0.290471
0.234371
0.243496
0.247021
0.441208
0.404837
0.266546
0.304145
0.394104
0.33951
0.263179
0.474086
0.307634
0.255023
0.390835
0.245679
0.252785
0.369628
0.336349
0.302277
0.258954
0.25847
0.27881
0.406805
0.251433
0.284308
0.309934
0.331066
0.38834
0.604806
0.434365
0.482379
0.400354
0.309541
0.325622
0.442941
0.48301
0.86933
0.543669
0.499708
0.301946
0.312567
0.473735
0.296749
0.357695
0.400918
0.469333
0.316619
0.287137
0.259988
0.421232
0.278101
0.445315
0.471943
0.43745
0.574005
0.541116
0.294684
0.264705
0.283383
0.381245
0.435526
0.359416
0.290825
0.421725
0.555233
0.599105
0.552489
0.421676
0.265037
0.235262
0.27411
0.27679
0.254075
0.445633
0.420609
0.251548
0.35649
0.659503
0.278429
0.382515
0.262865
0.251654
0.241163
0.382605
0.221412
0.228202
0.254059
0.348311
0.307396
0.249712
0.296222
0.33429
0.3566
0.349956
1.18875
0.375677
0.253223
0.352374
0.373859
0.406288
0.568319
0.49243
0.443279
0.287453
0.288729
0.25693
0.346814
0.46374
0.464513
0.406608
0.409663
0.405166
0.399276
0.473123
0.446303
0.405079
0.389504
0.45099
1.02069
0.586483
1.04238
0.591569
0.656025
0.497609
0.331506
0.30268
0.30143
0.30713
0.306362
0.454618
0.401596
0.468571
0.404732
0.312991
0.367454
0.410337
0.498253
0.682802
0.446071
0.47785
0.383278
0.36644
0.466505
0.464652
0.466681
0.521006
0.388021
0.29752
0.304453
0.281721
0.290005
0.26884
0.271315
0.271244
0.279534
0.295088
0.273264
0.361361
0.26625
0.399449
0.392208
0.357425
0.610983
1.33722
0.997302
0.347828
0.288658
0.443741
0.420705
0.479898
0.447057
0.28511
0.271721
0.262014
0.2512
0.563494
0.492804
0.433609
0.453395
0.307429
0.370336
0.282348
0.427282
0.45457
0.505507
0.49886
0.44031
0.398132
0.447287
0.295262
0.319357
0.656574
0.51696
0.521963
0.447016
0.495562
0.310098
0.407431
0.286857
0.304571
0.440418
0.286477
0.301762
0.284943
0.357601
0.366341
0.320133
0.316642
0.322377
0.489443
0.556737
0.381868
0.416522
0.479868
0.569232
0.747737
0.306238
0.367625
0.391822
0.422016
0.411199
0.461678
0.310322
0.33519
0.463864
0.485821
0.503072
0.326329
0.320285
0.501512
0.46598
0.29134
0.455758
0.330222
0.553821
0.776116
0.612746
0.361084
0.500349
0.36526
0.572555
0.644238
0.389031
1.07051
0.636169
0.366183
0.401808
0.504484
0.355614
0.347691
0.338523
0.351179
0.358444
0.498207
0.433539
0.336361
0.352708
0.379297
0.323475
0.377446
0.351535
0.905351
0.393793
0.854615
0.352332
0.648574
0.330816
0.322527
0.336446
0.295801
0.486869
0.304678
0.523631
0.495422
0.709729
0.656943
0.62664
0.589806
0.335295
0.491298
0.333029
0.558874
0.319949
0.371917
0.355841
0.533639
0.508527
0.345984
0.583952
0.561906
0.336639
0.341875
0.32514
0.324959
0.388798
0.560071
0.341029
0.342405
0.338484
0.365525
0.323545
0.347585
0.33665
0.316846
0.565212
0.355042
0.587257
0.430235
0.464705
0.438804
0.844856
0.740144
0.641798
0.467002
0.514475
0.38381
0.618296
0.53355
0.492745
0.444441
0.373928
0.3889
0.612771
0.638037
0.346088
0.334707
0.348536
0.342675
0.355538
0.345599
0.351949
0.329864
0.324127
0.347809
0.455596
0.369056
0.628189
0.625028
0.547589
0.560347
0.404605
0.596494
0.566638
0.633531
0.373782
0.546213
0.378649
0.367434
0.456156
0.596232
0.599829
0.42986
0.383197
0.361199
0.36166
0.328433
0.302857
0.320708
0.34109
0.443158
0.303418
0.33177
0.420744
0.56764
0.554762
0.652988
0.300129
0.47404
0.349388
0.667334
0.55794
0.52746
0.850721
0.573466
0.504002
0.698487
0.58773
0.585977
0.550303
0.56356
0.628364
0.624014
0.868286
0.697779
0.674461
0.285278
0.331048
0.262043
0.273994
0.258222
0.286274
0.299848
0.320532
0.258198
0.332246
0.334162
0.487757
0.528864
0.50716
0.486834
0.526773
0.33522
0.516418
0.289723
0.272789
0.36247
0.313695
0.268152
0.383216
0.307411
0.257253
0.521411
0.283027
0.427974
0.542038
0.352189
0.299716
0.287772
0.267414
0.273136
0.418013
0.249177
0.259094
0.471084
0.240815
0.335755
0.351109
0.536203
0.412928
0.381488
0.395284
0.326282
0.279467
0.279693
0.405585
0.369336
0.392434
0.431832
0.253939
0.243129
0.244694
0.349734
0.247863
0.285506
0.272483
0.533521
0.295757
0.317406
0.271891
0.47438
0.486754
0.44541
0.263492
0.349774
0.360811
0.275616
0.356015
0.33178
0.343733
0.417767
0.402469
0.381038
0.325417
0.301443
0.494333
0.485952
0.29218
0.477341
0.483364
0.320015
0.492534
0.274221
0.425499
0.287825
0.501284
0.338106
0.353818
0.288724
0.277916
0.254624
0.24852
0.274344
0.434175
0.511747
0.539336
0.451821
0.431352
0.268238
0.39498
0.317704
0.338248
0.28865
0.414668
0.436575
0.485764
0.440874
0.284454
0.305869
0.281907
0.29455
0.25983
0.277166
0.285729
0.453398
0.453351
0.316506
0.327503
0.313343
0.439081
0.493423
0.302679
0.446887
0.532227
0.46355
0.323689
0.472033
0.333053
0.394352
0.405476
0.402257
0.260873
0.260581
0.477264
0.345839
0.381692
0.235011
0.347266
0.381342
0.395815
0.249005
0.290858
0.413987
0.481865
0.330694
0.427359
0.324888
0.287908
0.306575
0.279425
0.261157
0.319202
0.265105
0.379326
0.384729
0.297799
0.444287
0.474861
0.483586
0.29701
0.303033
0.28282
0.314408
0.278965
0.289039
0.281922
0.51194
0.286169
0.286253
0.255249
0.326591
0.255372
0.275783
0.281105
0.235347
0.27373
0.424106
0.492098
0.563716
0.585264
0.497891
0.378453
0.399395
0.660465
0.5133
0.697183
0.436626
0.622386
0.615613
0.608826
0.527977
0.519165
0.404966
0.629986
0.617473
0.596322
0.748687
0.791549
0.809818
0.722303
0.677496
0.651886
0.697772
0.664942
0.699222
0.465308
0.389875
0.603053
0.48944
0.59091
0.449163
0.636022
0.595009
0.669687
0.655027
0.677125
0.580499
0.488313
0.652395
0.628868
0.68265
0.663521
0.724444
0.767771
0.911463
0.462659
0.670838
0.755377
0.412479
0.669316
0.409049
0.419828
0.407746
0.386422
0.574435
0.581473
0.351582
0.401756
0.542949
0.438947
0.543601
0.664324
0.565451
0.514247
0.863091
0.752982
0.85206
0.657365
0.484919
0.457115
0.68286
0.468452
0.516303
0.60306
0.650247
0.595261
0.524825
0.40395
0.588696
0.63655
0.539551
0.582801
0.486276
0.439439
0.419905
0.544898
0.458797
0.400422
0.602947
0.416006
0.778651
0.684517
0.550294
0.716733
0.642577
0.660859
0.691125
0.439354
0.649989
0.424088
0.461874
0.81901
0.39435
0.716869
0.387923
0.410989
0.440263
0.707408
0.388287
0.750594
0.530046
0.625105
0.703199
0.705135
0.482208
0.440638
0.498908
0.393368
0.357027
0.352803
0.327034
0.489406
0.38993
0.766726
0.479785
0.668949
0.730437
0.344801
0.563023
0.34651
0.537664
0.583526
0.488353
0.389337
0.41606
0.419749
0.945882
0.704635
0.402133
0.634631
0.374271
0.725493
0.479483
0.524586
0.472239
0.894344
0.88313
0.397647
0.350296
0.545098
0.365972
0.475631
0.370299
0.390452
0.384269
0.643711
0.416179
0.486155
0.549366
0.63253
0.419237
0.570435
0.656514
0.677365
0.798156
0.573825
0.622373
0.425885
0.76701
0.56694
0.853651
0.662182
0.469806
0.476207
0.623947
0.420548
0.385011
0.552434
0.635101
0.63602
0.671395
0.425033
0.455476
0.650907
0.472854
0.869968
0.716046
0.409876
0.383696
0.435576
0.38599
0.321176
0.408328
0.389908
0.400258
0.47325
0.851681
0.667468
0.546366
0.383693
0.636779
0.483573
0.695235
0.386521
0.34509
0.33982
0.330396
0.405357
0.326675
0.322222
0.354486
0.388652
0.400937
0.323738
0.393994
0.352921
0.441291
0.504497
0.6787
0.437063
0.544661
0.400855
0.942425
0.462275
0.485544
0.718012
0.842043
0.643932
0.41162
0.782424
0.452495
0.463154
0.357694
0.395428
0.336954
0.383671
0.366083
0.394998
0.333791
0.420628
0.329937
0.517054
0.332257
0.338074
0.322979
0.309064
0.317894
0.361283
0.426732
0.559362
0.416637
0.40212
0.597892
0.440888
0.442343
0.504662
0.387151
0.37342
0.413809
0.547408
0.550259
0.649968
0.681393
0.466406
0.676582
0.555076
0.597584
0.547648
0.619701
0.599219
0.474356
0.806727
0.414219
0.482448
0.520648
0.433557
0.383586
0.379717
0.530039
0.312633
0.506675
0.527631
0.30067
0.298258
0.330618
0.34823
0.378232
0.345217
0.642779
0.353575
0.320422
0.317424
0.289768
0.368577
0.402872
0.287364
0.326644
0.563469
0.672424
0.340892
0.418679
0.470884
0.521992
0.32786
0.61939
0.510258
0.730762
0.658735
0.548893
0.516221
0.655928
0.438396
0.41744
0.530175
0.596662
0.473713
0.384901
0.548669
0.568691
0.354449
0.522018
0.571537
0.332691
0.33222
0.344034
0.365737
0.256021
0.264301
0.244883
0.763547
0.833382
0.637502
0.446444
0.745922
1.60347
0.574686
0.707476
0.683187
0.657025
0.471415
0.651112
0.524146
0.352438
0.361823
0.360412
0.316572
0.308411
0.309627
0.294053
0.4779
0.374992
0.338407
0.527778
0.305139
0.310645
0.363543
0.368286
0.482522
0.370783
0.316312
0.312538
0.416712
0.291704
0.321928
0.257413
0.300063
0.393828
0.305224
0.50082
0.515021
0.448064
0.509938
0.398667
0.562752
0.53607
0.525658
0.510282
0.36979
0.546478
0.476775
0.396364
0.410759
0.510213
0.295206
0.312528
0.413117
0.333382
0.333331
0.550443
0.524592
0.313738
0.290346
0.422814
0.574813
0.456608
0.494097
0.466352
0.304137
0.306171
0.269351
0.289487
0.266708
0.423505
0.410704
0.333441
0.337328
0.362383
0.383408
0.580385
0.344778
0.496643
0.468982
0.293238
0.300323
0.293222
0.297439
0.443895
0.346203
0.396888
0.308754
0.323709
0.475901
0.445133
0.528979
0.422268
0.405613
0.335243
1.39215
0.428986
0.351416
0.307688
0.28816
0.575661
0.473725
0.658498
0.66058
0.446196
0.43617
0.315193
0.289543
0.288521
0.45797
0.309541
0.287767
0.2975
0.301784
0.290282
0.419306
0.389046
0.44959
0.364076
0.421898
0.387169
0.347859
0.33836
0.478241
0.290622
0.454361
0.421421
0.297609
0.291078
0.31361
0.402289
0.316069
0.329046
0.434721
0.382055
0.405002
0.501286
0.482852
0.330267
0.473417
0.428669
0.297748
0.286744
0.377656
0.326714
0.321132
0.308593
0.273997
0.268333
0.253851
0.381652
0.269753
0.383033
0.448781
0.297845
0.39711
0.329693
0.591109
0.370645
0.440877
0.481544
0.414524
1.4528
0.506693
0.426275
0.475955
0.306274
0.560097
0.31723
0.301276
0.305006
0.270654
0.264671
0.307376
0.404979
0.252358
0.431264
0.631409
0.3343
0.428211
0.282
0.349618
0.262457
0.443539
0.279011
0.277707
0.326913
0.291468
0.424415
0.422922
0.379333
0.513641
0.387422
0.565837
0.317437
0.274278
0.279595
0.296844
0.247737
0.300319
0.243521
0.304506
0.456471
0.39229
0.28925
0.340065
0.417093
0.573847
0.568282
0.520232
0.459713
0.508921
1.48406
0.431375
0.425068
0.259235
0.378502
0.443815
0.563793
0.479886
0.289849
0.272716
0.455575
0.31861
0.254912
0.269346
0.254005
0.351261
0.438452
0.430369
0.316074
0.735881
0.385781
0.466867
0.452731
0.362798
0.297241
0.434532
0.277029
0.264517
0.278466
0.305834
0.495189
0.595552
0.279872
0.253095
0.2527
0.246691
0.262524
0.264797
0.282511
0.246708
0.27686
0.241614
0.396158
0.272716
0.543735
0.375574
0.699219
0.526923
0.402041
0.49304
0.41832
0.450664
0.372261
0.418114
0.429343
0.291578
0.478977
0.550502
0.429719
0.808155
0.38661
0.561176
0.282006
0.273791
0.27711
0.434832
0.276131
0.258746
0.328835
0.338589
0.405181
0.313824
0.474831
0.293346
0.35104
0.491452
0.431335
0.489987
0.519902
0.305034
0.398209
0.381984
0.42435
0.425012
0.522721
0.290587
0.464652
0.305716
0.364988
0.295936
0.292665
0.303888
0.237513
0.253294
0.255954
0.245374
0.223229
0.266645
0.209653
0.227991
0.228222
0.325381
0.333469
0.263747
0.222135
0.264792
0.278213
0.28803
0.2566
0.318703
0.429484
0.429677
0.2607
0.24376
0.234223
0.233787
0.227007
0.216346
0.281214
0.251401
0.273682
0.282182
0.223583
0.286421
0.237338
0.37967
0.270747
0.464806
0.461245
0.779175
0.263352
0.36451
0.260822
0.267815
0.345689
0.278677
0.258518
0.276294
0.256539
0.40329
0.385589
0.255677
0.227899
0.319174
0.243923
0.386821
0.321034
0.249187
0.36635
0.347407
0.275898
0.329801
0.296465
0.421445
0.650178
0.376684
0.680066
0.53836
0.50534
0.362576
0.451639
0.493352
0.301384
0.30393
0.45081
0.44066
0.376672
0.421558
0.286875
0.28878
0.271351
0.289852
0.498968
0.443624
0.285079
0.367929
0.666944
0.277526
0.358373
0.302209
0.28412
0.301971
0.298418
0.309902
0.340505
0.286735
0.259807
0.257239
0.337405
0.313894
0.538984
0.664657
0.471708
0.425711
0.44727
1.08353
0.458391
0.473574
0.442995
0.32445
0.3951
0.415897
0.460291
0.497191
0.263387
0.326001
0.382784
0.484126
0.603305
0.297115
0.341988
0.319556
0.315678
0.301755
0.262856
0.279755
0.27758
0.285314
0.285208
0.306912
0.276259
0.271862
0.273
0.481025
0.297823
0.306401
0.316572
0.281065
0.338645
0.374077
0.352705
0.351603
0.423408
0.264003
0.289718
0.257786
0.278802
0.312066
0.322173
0.334887
0.321266
0.312981
0.275762
0.463199
0.457698
0.434154
0.529423
0.562037
0.472591
0.412575
0.484586
0.42463
0.327013
0.66143
0.451043
0.446899
0.411777
0.412228
0.400442
0.399932
0.403636
0.423575
0.416337
0.742637
0.660289
0.529971
0.727685
0.433777
0.344612
0.310652
0.463152
0.401647
0.329132
0.400977
0.501948
0.332378
0.858308
0.901024
0.369258
0.289553
0.329617
0.315927
0.455416
0.431309
0.3373
0.289097
0.358905
0.418798
0.270312
0.269082
0.261446
0.28224
0.397545
0.419315
0.250871
0.260359
0.256511
0.296587
0.342343
0.282952
0.279992
0.310817
0.265318
0.454108
0.516782
0.469626
0.267252
0.380123
0.605043
0.36654
0.294448
0.283784
0.278727
0.462726
0.433177
0.484907
0.310297
0.291358
0.274317
0.3788
0.465756
0.260568
0.288298
0.259076
0.243335
0.28578
0.229375
0.437671
0.317367
0.359043
0.305519
0.422294
0.433123
0.335029
0.457935
0.3586
0.511512
0.48811
0.498891
0.447876
0.31994
0.279147
0.290184
0.362314
0.325456
0.283495
0.487498
0.290555
0.447365
0.341851
0.257012
0.271761
0.279692
0.426663
0.297833
0.283298
0.473486
0.457531
0.447869
0.58855
0.324138
0.45782
0.457524
0.361995
0.304417
0.327805
0.502735
0.384252
0.532831
0.524574
0.322772
0.354746
0.354864
0.363518
0.464891
0.403235
0.303733
0.542112
0.641867
0.45357
0.632971
0.788865
0.522273
0.318183
0.290383
0.30265
0.305693
0.327124
0.351581
0.446498
0.289808
0.271351
0.249376
0.246247
0.44388
0.240156
0.301433
0.785441
0.525545
0.362607
0.432176
0.458785
0.338079
0.402518
0.414043
0.246617
0.244728
0.371847
0.234141
0.235609
0.365464
0.216616
0.227015
0.208071
0.317597
0.349012
0.218486
0.371966
0.564579
0.280484
0.25602
0.25505
0.37322
0.246091
0.238626
0.264418
0.454073
0.413989
0.393164
0.255912
0.38913
0.294385
0.238028
0.279781
0.416602
0.356774
0.375601
0.229883
0.362616
0.379045
0.276166
0.220041
0.322202
0.228698
0.349636
0.60981
0.332013
0.345589
0.595862
0.368937
0.370134
0.312462
0.414343
0.374545
0.288307
0.281036
0.299915
0.350721
0.306013
0.450677
0.366624
0.422962
0.277852
0.398895
0.463275
0.39134
0.417182
0.372351
0.344428
0.287428
0.389194
0.536913
0.290342
0.287929
0.303388
0.300045
0.329368
0.257354
0.35456
0.52917
0.489816
0.372054
0.373885
0.826801
0.568308
0.54472
0.587717
0.465753
0.435881
0.436238
0.357176
0.379477
0.54804
0.365306
0.5444
0.40177
0.325166
0.529702
0.46518
0.315536
0.347934
0.497849
0.57706
0.358511
0.448124
0.379496
0.610878
0.365485
0.662112
0.310846
0.283689
0.296316
0.827515
0.297013
0.312485
0.440455
0.291829
0.501307
0.479835
0.320451
0.272638
0.259984
0.359036
0.316061
0.469368
0.269972
0.446267
0.272108
0.278954
0.303828
0.294752
0.349926
0.316262
0.340331
0.351876
0.382178
0.572866
0.299547
0.36048
0.337172
0.342512
0.329561
0.329004
0.32381
0.378542
0.347077
0.345101
0.608536
0.623933
0.396798
0.35475
0.583964
0.533224
0.457241
0.388005
0.420868
0.429358
0.605437
0.556635
0.40981
0.54526
0.661422
0.607046
0.385522
0.406081
0.479698
0.46172
0.475523
0.718194
0.399427
0.40632
0.406238
0.390323
0.409304
0.389842
0.404368
0.416271
0.401295
0.43167
0.549301
0.695353
0.699412
0.643047
0.772579
0.469431
0.692938
0.556337
0.471462
0.448334
0.744408
1.23478
0.468591
0.421717
0.52836
0.457375
0.705706
0.640314
0.623687
0.764431
0.457067
0.534719
0.514399
0.401079
0.373866
0.439118
0.392256
0.741744
0.692232
0.888719
0.491843
0.423138
0.400058
0.498497
0.920908
0.612901
0.745643
0.700272
0.538089
0.614275
0.496896
0.465285
0.539854
0.481966
0.626931
0.669646
0.514325
0.470506
0.762494
0.401083
0.478129
0.475661
0.524536
0.557038
0.424173
0.404402
0.407039
0.395459
0.535479
0.807971
1.28425
0.44547
0.406346
0.411737
0.388503
0.382429
0.537823
0.893019
0.477173
0.441331
0.529799
0.426998
0.594263
0.370679
0.571591
0.867373
0.516534
0.884682
0.446905
0.411188
0.404546
0.377033
0.354453
0.456944
0.356275
0.830251
0.838978
0.747604
0.594444
0.623823
0.451509
0.361306
0.648412
0.67875
0.37838
1.07443
0.557375
0.595097
0.638242
0.396422
0.574802
0.364546
0.368024
0.331587
0.340173
0.494813
0.441146
0.317403
0.313081
0.297123
0.342983
0.293016
0.385958
0.290794
0.301146
0.392343
0.505141
0.391413
0.357186
0.293213
0.34545
0.465232
0.307946
0.366515
0.329052
0.455465
0.864643
0.739671
0.716899
0.695453
0.713381
0.96088
0.92627
0.681284
1.1138
0.823059
0.921757
0.570257
0.545903
0.495577
0.700508
0.567769
0.689557
0.646469
0.917359
0.757058
0.73261
0.720227
0.754022
0.688947
0.451797
0.792736
0.672652
0.616477
0.736546
0.618218
0.574225
0.64869
0.534326
0.544105
0.406634
0.557183
0.354867
0.341544
0.603123
0.585381
0.537423
0.53831
0.52137
0.426699
0.444986
0.574838
0.649101
0.500322
0.632536
0.761886
0.531247
0.563807
0.572176
0.565958
0.760248
0.372724
0.548942
0.600188
0.436031
0.366532
0.338261
0.340154
0.336349
0.296468
0.282628
0.434128
0.47017
0.369123
0.452884
0.688826
0.337602
0.49918
0.374636
0.477948
0.573405
0.589243
0.451277
0.30221
0.475343
0.462988
0.2764
0.250863
0.301737
0.324277
0.30528
0.406691
0.248308
0.388031
0.484292
0.355605
0.347475
0.276677
0.3656
0.271708
0.314982
0.256477
0.26539
0.422033
0.350681
0.370763
0.644911
0.412327
0.372645
0.356425
0.349967
0.771264
0.289541
0.330469
0.222692
0.255013
0.266422
0.222555
0.258341
0.334318
0.416902
0.439091
0.387457
0.357887
0.303437
0.291662
0.325999
0.243034
0.243411
0.296664
0.236662
0.247741
0.489941
0.315867
0.431764
0.283198
0.228706
0.310196
0.332686
0.355116
0.257795
0.220893
0.381947
0.402583
0.357253
0.22483
0.346686
0.289693
0.330693
0.385539
0.516023
0.265493
0.265908
0.254621
0.300346
0.329386
0.407332
0.397026
0.247043
0.249319
0.236906
0.334452
0.21154
0.203065
0.319132
0.350039
0.287139
0.312173
0.447286
0.239422
0.250986
0.313559
0.321247
0.249081
0.364869
0.234823
0.203352
0.234422
0.204154
0.239685
0.443569
0.242478
0.337149
0.317092
0.219409
0.434996
0.289475
0.437072
0.509341
0.594622
0.558719
0.400898
0.370423
0.36583
0.514015
0.409397
0.365293
0.510551
0.533083
0.458792
0.427468
0.863173
0.715302
0.785205
0.614468
0.408096
0.629615
0.398814
0.527451
0.386575
0.618409
0.59798
0.378318
0.613322
0.400048
0.602678
0.577558
0.407324
0.336476
0.36199
0.383118
0.316811
0.5282
0.324657
0.342669
0.467631
0.432376
0.430632
0.444604
0.578331
0.900363
0.439423
0.572275
0.511454
0.418631
0.419845
0.39792
0.362007
0.367568
0.330528
0.315265
0.373708
0.376121
0.327315
0.34901
0.351435
0.337357
0.313185
0.249478
0.24642
0.316042
0.239032
0.256769
0.265654
0.343915
0.312929
0.272815
0.483706
0.365486
0.28644
0.280842
0.295892
0.535724
0.282299
0.288849
0.331044
0.451841
0.405841
0.283087
0.315178
0.297106
0.285702
0.258743
0.250785
0.272294
0.596878
0.40294
0.348259
0.37632
0.325579
0.379562
0.333191
0.305305
0.380054
0.42
0.523311
0.646344
0.578801
0.581032
0.555169
0.601307
0.554751
0.62881
0.618221
0.502964
0.393573
0.568191
0.624872
0.647
0.655393
0.528517
0.707972
0.624009
0.644203
0.716845
0.380315
0.324037
0.361153
0.409968
0.370616
0.508634
0.492465
0.357721
0.503697
0.408049
0.52006
0.533359
0.558201
0.472459
0.358689
0.470842
0.555055
0.561171
0.594879
0.641933
0.573086
0.495379
0.425213
0.578692
0.844299
0.593759
0.576148
0.573851
0.568307
0.440052
0.463637
0.651756
0.564985
0.623236
0.59859
0.642499
0.601528
0.473341
0.568577
0.482567
0.406999
0.492347
0.523146
0.62104
0.54528
0.92307
0.719798
0.524552
0.534667
0.414892
0.574526
0.326955
0.38918
0.389982
0.337426
0.337298
0.398431
0.553778
0.375965
0.530188
0.681532
0.752339
0.571966
0.579376
0.628634
0.627182
0.675587
0.646853
1.21742
0.573896
0.592423
1.50837
0.840374
0.666151
0.694671
0.77066
0.812387
2.60898
0.593223
2.14243
0.561443
0.615585
0.616047
0.823508
0.595365
0.814685
0.843071
0.913173
0.798819
0.52649
0.540757
0.475163
0.403115
0.493766
0.656401
0.611185
0.590667
0.689629
0.562036
0.593742
0.61362
0.923723
1.05645
1.28079
0.551596
0.433102
0.573488
0.500102
0.596946
0.558845
0.493022
0.601308
0.707556
0.330425
0.578103
0.559367
0.520103
0.791059
0.610002
0.73566
1.22822
0.877767
0.808876
0.687747
0.836824
0.687453
0.648378
0.669346
0.677304
0.650006
0.630506
1.23377
2.40115
0.86112
0.855814
0.60036
0.513511
0.652805
0.729709
0.694395
0.459888
0.587199
0.830977
0.415951
0.37663
0.579999
0.580738
0.515218
0.412239
0.341959
0.376203
0.388456
0.355068
0.381184
0.531834
0.514898
0.585751
0.547671
0.589902
0.432563
0.774032
0.47791
0.680945
0.389833
0.513198
0.376631
0.426115
0.378937
0.363005
0.359839
0.362636
0.54258
0.386144
0.555357
0.461335
0.493936
0.525029
0.594229
0.50585
0.672454
0.677783
0.589754
0.572784
0.564479
0.501199
0.612303
0.63562
0.725719
0.626735
0.447892
0.502376
0.540405
0.473737
0.456699
0.649353
0.5916
0.530786
0.384622
0.402628
0.610509
0.624721
0.613893
0.635303
0.636867
0.593243
0.396105
0.397013
0.463704
0.653556
0.710822
0.699899
0.698434
0.410756
0.398784
0.418647
0.495148
0.44698
0.655172
0.8325
0.581729
0.736826
1.14039
1.32632
1.12532
1.68397
0.849248
0.799459
0.855777
0.74019
0.482422
0.648869
0.763958
0.542573
0.479894
0.439408
0.476592
0.56704
0.448802
0.715536
0.729327
0.664813
0.625217
0.631604
0.380549
0.416283
0.35403
0.481226
0.477301
0.439871
0.406866
0.697674
0.544384
0.484953
0.618371
0.485418
0.618542
0.573034
0.509151
0.811399
0.418898
0.667342
0.636056
0.488635
0.541847
0.384375
0.612065
0.732835
0.670327
0.742913
0.714802
0.51613
0.587524
0.62692
0.446441
0.378831
0.414314
0.767972
0.375803
0.414907
0.3714
0.368468
0.392068
0.335241
0.451491
0.650427
0.58918
0.520494
0.656234
0.652846
0.414402
0.366761
0.747177
0.598452
0.962299
0.66156
1.43508
0.882864
0.812444
0.369085
0.379546
0.424709
0.357099
0.356227
0.3943
0.361885
0.394092
0.704743
0.708817
0.71581
0.70327
0.906974
0.852905
0.697528
0.640314
1.05114
0.744111
0.82473
0.458329
0.502108
0.543718
0.426508
0.479815
0.687736
0.441115
0.583074
0.537929
0.500679
0.521123
0.447101
0.447375
0.428646
0.490627
0.405226
0.404354
0.549189
0.372254
0.394548
0.704063
0.330225
0.420174
0.615519
0.571838
0.621045
0.65765
0.694184
0.462253
0.467631
0.444517
0.435136
0.53734
0.399918
0.405605
0.483752
0.404756
0.449047
0.430751
0.331309
0.408299
0.853456
0.52997
0.440161
0.821965
0.42659
0.370268
0.37377
0.582798
0.41579
0.4236
0.434812
0.515882
0.413913
0.566811
0.781935
0.450811
0.834704
0.666353
0.581089
0.43359
0.381858
0.705197
1.07252
0.768026
0.800004
0.726768
0.500656
0.466679
0.463481
0.635222
0.38507
0.357755
0.370816
0.337028
0.33928
0.316122
0.373232
0.752021
0.541439
1.1074
0.419929
0.373443
0.40531
0.323489
0.630484
0.600405
0.367779
0.647725
0.367817
0.512848
0.361844
0.402356
0.38217
0.390278
0.334216
0.356508
0.36765
0.328035
0.583235
0.345222
0.333959
0.299628
0.293397
0.285028
0.623731
0.488986
0.460598
0.370076
0.562032
0.469151
0.46155
0.341606
0.488267
0.560197
0.49124
0.454562
0.500498
0.371447
0.53221
0.340696
0.544177
0.530667
0.53807
0.482376
0.550323
0.500448
0.452125
0.56616
0.480151
0.550351
0.836997
0.505942
0.354493
0.345417
0.595924
0.309103
0.42716
0.410924
0.332783
0.290064
0.314225
0.307471
0.360804
0.473935
0.440849
0.344339
0.347703
0.279247
0.471995
0.509464
0.650932
0.438137
0.714725
0.379649
0.317768
0.312923
0.4815
0.346669
0.307807
0.27878
0.329427
0.314059
0.264207
0.289242
0.269011
0.365402
0.352188
0.469296
0.384095
0.610809
0.52487
0.398691
0.30864
0.458576
0.441591
0.440225
0.392027
0.44077
0.447292
0.299412
0.295931
0.401315
0.400798
0.328603
0.460323
0.465043
0.427963
0.39767
0.35253
0.587286
0.367904
0.342498
0.332029
0.32646
0.510516
0.398685
0.553675
0.541327
0.669993
0.909993
0.473092
0.413214
0.506871
0.485184
0.443545
0.399609
0.467967
0.402174
0.422141
0.47622
0.459879
0.384863
0.552969
0.681947
0.385613
0.393809
0.378325
0.544109
0.619772
0.481579
0.882488
0.808839
0.599577
0.785705
0.496863
0.833723
0.588065
1.53148
0.652333
0.576001
0.68423
1.16785
0.622304
0.651535
0.925049
0.851639
0.415224
0.386456
0.393967
0.714205
0.35713
0.534048
0.304143
0.353536
0.376904
0.383846
0.727005
0.516028
0.839571
0.733351
0.617001
0.672847
0.583288
0.781955
0.469732
0.429983
0.64628
0.641653
0.469335
0.398024
0.611909
0.407048
0.650266
0.687887
0.428896
0.4211
0.413272
0.390882
0.406205
0.719242
0.456984
0.670518
0.768057
0.614707
0.447345
0.504496
0.685573
0.469863
0.465853
0.417763
0.405503
0.640026
0.378426
0.398024
0.371227
0.38
0.540149
0.438275
0.703656
0.629736
1.45985
0.602909
0.77609
0.617797
0.485432
0.622499
0.471371
0.454561
0.422616
0.720649
0.441589
0.537029
0.434557
0.810719
0.582194
0.444777
0.52886
0.465045
0.740258
1.07675
0.684645
0.636576
0.43072
0.569393
0.600239
0.694936
0.705774
0.647015
0.60215
0.645523
0.786617
0.693021
0.713735
0.744674
0.692546
0.586454
0.74486
0.799656
0.488338
0.508554
0.82454
0.453879
0.476751
0.739344
0.732088
0.468416
0.396851
0.396696
0.377271
0.379029
0.361365
0.359828
0.588085
0.442146
0.8059
0.474423
0.776135
0.629999
0.816775
0.704153
0.704792
0.955957
0.751564
0.51783
0.548303
0.737493
0.703097
0.416831
0.573044
0.678593
0.42908
0.737069
0.526608
0.717063
0.730238
0.765886
0.553144
0.51666
0.75493
0.440309
0.451255
0.675827
0.677531
0.675659
0.478726
0.518911
0.653089
0.664753
0.790718
0.674512
0.480278
0.731641
0.510044
0.477037
0.483754
0.655422
0.713306
0.64773
0.764489
0.464812
0.56048
0.412105
0.447356
0.479807
0.688975
0.457176
0.527142
0.667436
0.658711
0.406442
0.384134
0.377543
0.379292
0.485067
0.438588
0.578166
0.436372
0.658573
0.595531
0.565754
0.621628
0.44904
0.589038
0.759242
0.672153
0.644437
0.767673
0.754266
0.464028
0.625703
0.437605
0.471241
0.448479
0.628754
0.728168
0.713114
0.599966
0.584367
0.553026
0.581938
0.345229
0.334148
0.561564
0.339092
0.579373
0.344093
0.569013
0.470106
0.415596
0.478746
0.456035
0.406306
0.349835
0.330945
0.341267
0.505652
0.631845
0.758049
0.364674
0.729593
0.418596
0.463525
0.539703
0.410415
0.392712
0.372145
0.339971
0.341321
0.329888
0.327275
0.461635
0.355249
0.384633
0.505283
0.429072
0.608302
0.527896
0.332067
0.360196
0.312904
0.353865
0.414708
0.33524
0.54806
0.399063
0.436299
0.544517
0.484344
0.341644
0.584007
0.345453
0.358947
0.506678
0.518661
0.443062
0.435888
0.534751
0.338338
0.51184
0.518589
0.370791
0.321961
0.298374
0.617399
0.480688
0.40469
0.461506
0.30992
0.551601
0.459107
0.482413
0.413973
0.482449
0.555017
0.332744
0.513122
0.30818
0.498093
0.522584
0.500965
0.317991
0.498557
0.532689
0.553613
0.533717
0.583546
0.384885
0.368164
0.329312
0.368084
0.492022
0.467858
0.295775
0.30582
0.515903
0.369524
0.308906
0.446814
0.504596
0.45427
0.348322
0.468114
0.40931
0.330037
0.318148
0.413629
0.311967
0.455099
0.447262
0.300099
0.329159
0.458205
0.316143
0.557634
0.294039
0.505007
0.743908
0.43642
0.250358
0.415459
0.290097
0.248043
0.245733
0.228899
0.242905
0.234238
0.231448
0.246222
0.229253
0.279981
0.258617
0.238139
0.277677
0.218432
0.225617
0.256416
0.239051
0.252463
0.250967
0.219367
0.368599
0.363328
0.43311
0.379024
0.458
0.263066
0.36028
0.260592
0.228936
0.215781
0.327716
0.214127
0.207983
0.196437
0.194022
0.227755
0.349461
0.471012
0.408207
0.389469
0.30925
0.314708
0.219156
0.290991
0.237406
0.338384
0.300775
0.234854
0.212632
0.209193
0.208267
0.221097
0.201445
0.320005
0.312653
0.326796
0.495211
0.278573
0.367785
0.274096
0.278505
0.278643
0.27041
0.337367
0.510073
0.329191
0.572872
1.09387
0.351842
0.362599
0.457991
0.400404
0.463119
0.500924
0.470795
0.481434
0.535997
0.479405
0.463015
0.487942
0.40612
0.322458
0.479282
0.474565
0.557862
0.511797
0.292828
0.229914
0.243433
0.218669
0.228358
0.367941
0.52618
0.309923
0.46944
0.702223
0.745507
0.350318
0.444033
0.380633
0.425329
0.280533
0.302383
0.257102
0.248821
0.273997
0.322383
0.316317
0.428246
0.420171
0.437413
0.463074
0.438005
0.471982
0.546328
0.377583
0.300776
0.286368
0.349
0.281812
0.307609
0.319065
0.535651
0.782633
0.481711
0.362088
0.339417
0.583671
0.359377
0.392744
0.515465
0.360916
0.607394
0.575983
0.487742
0.477193
0.480699
0.466259
0.489214
0.640491
0.359856
0.35451
0.532498
0.340458
0.548774
0.344832
0.396837
0.399086
0.373618
0.383925
0.400153
0.318591
0.356641
0.292866
0.334955
0.385257
0.43083
0.451943
0.478717
0.5543
0.406808
0.58853
0.558682
0.380569
0.481438
0.526969
0.676761
0.622876
0.588016
0.361742
0.515318
0.689037
0.647512
0.62396
0.62098
0.620126
0.384886
0.490073
0.421998
0.371292
0.360194
0.538453
0.317926
0.470691
0.455182
0.526608
0.319735
0.521493
0.512248
0.470067
0.556569
0.508761
0.417987
0.628257
0.312393
0.352058
0.382743
0.390099
0.372542
0.395415
0.326777
0.607517
0.364869
0.379706
0.343411
0.358442
0.382702
0.299228
0.298419
0.333122
0.50373
0.34485
0.306703
0.788266
0.575204
0.47305
0.350105
0.313254
0.311254
0.480879
0.290779
0.304952
0.451243
0.36854
0.513479
0.574101
0.336844
0.317234
0.263546
0.310992
0.475725
0.393901
0.406846
0.514087
0.352592
0.305757
0.576401
0.441837
0.419922
0.49478
0.547584
0.884399
0.919576
0.966403
0.48892
0.4098
0.605682
0.619285
0.714477
0.415614
0.462704
0.687955
0.505338
0.697918
0.404022
0.601789
0.417742
0.711549
0.587732
0.679545
0.682385
0.473401
0.696202
0.667767
0.840985
0.482837
0.586965
0.405701
0.491268
0.703176
0.856659
0.495056
0.733977
0.497627
0.553178
0.500694
0.602397
0.501819
0.643467
0.538102
0.522365
0.581505
0.478163
0.546595
0.455909
0.908662
0.627299
0.551288
0.833204
0.718587
0.834751
0.630029
0.913159
0.542556
0.577366
0.545266
0.879301
0.410153
0.726849
0.712514
0.802446
0.626882
1.11841
1.24798
0.929716
1.08216
0.896701
0.587207
0.879534
0.97162
0.866601
1.14706
0.489972
0.668618
0.453827
0.812334
0.556237
0.480265
0.506974
0.96277
0.823831
0.649271
0.730354
1.39166
0.480996
0.475546
0.688493
0.501555
0.779998
0.398304
0.378864
0.763184
0.703697
0.370094
0.414383
0.413741
0.426289
0.409828
0.495738
0.38348
0.586803
0.407065
0.554607
0.489018
0.399872
0.725097
0.440465
0.460572
0.801528
0.451002
0.44086
0.438184
0.726164
0.484265
0.387189
0.462456
0.389927
0.621566
0.563376
0.53265
0.431748
0.490259
0.347003
0.297488
0.3637
0.466067
0.478529
0.398744
0.521383
0.481423
0.347115
0.745711
0.532785
0.370851
0.452033
0.506928
0.402488
0.506579
0.336049
0.413223
0.287758
0.360853
0.297038
0.300469
0.30334
0.307987
0.269309
0.250078
0.237786
0.229812
0.280378
0.255524
0.218108
0.349319
0.280676
0.315109
0.58915
0.422787
0.308441
0.40235
0.303531
0.430441
0.299455
0.269942
0.268447
0.268362
0.343232
0.222967
0.242255
0.235002
0.258718
0.360318
0.376265
0.241151
0.289615
0.256706
0.546115
0.436299
0.902515
0.734304
0.86631
0.424963
0.49419
0.351129
0.479236
0.532363
0.361875
0.476848
0.312875
0.445255
0.346436
0.299448
0.320925
0.495954
0.490003
0.303613
0.43481
0.312927
0.3527
0.621751
0.674886
0.432196
0.764885
0.347113
0.342788
0.459916
0.401279
0.364556
0.372056
0.557892
0.301204
0.320638
0.500416
0.310418
0.33536
0.368521
0.406887
0.338485
0.373537
0.797673
0.744523
0.359869
0.507946
0.732648
0.440047
0.430685
0.339357
0.58705
0.658787
0.548066
0.579358
0.575297
0.413705
0.461309
0.403075
0.363012
0.640835
0.678897
0.462659
0.4355
0.402823
0.67286
0.408953
0.728822
0.442161
0.541938
0.374373
0.433913
0.540946
0.449021
0.551509
0.685668
0.478151
0.563941
0.62536
0.60085
0.648726
0.669424
0.657141
0.728165
0.419031
0.457532
0.392916
0.389114
0.435079
0.414097
0.454811
0.402301
0.401812
0.340971
0.395111
0.417373
0.46348
0.731576
0.472777
0.747044
0.752376
0.604177
0.660187
0.395144
0.43235
0.398047
1.04698
0.407171
0.496674
0.630751
0.437623
0.511605
0.407103
0.334317
0.569583
0.600291
0.359977
0.433149
0.423393
0.558819
0.603244
0.749407
0.537639
0.413783
0.443807
0.389127
0.33593
0.300863
0.305529
0.302817
0.274327
0.27566
0.325761
0.262149
0.284123
0.299968
0.401099
0.419634
0.388894
0.270452
0.258204
0.412087
0.362745
0.253927
0.323651
0.284081
0.293364
0.318995
0.330986
0.28321
0.344007
0.269653
0.271397
0.503125
0.224557
0.405765
0.47813
0.355751
0.348515
0.428277
0.430565
0.314617
0.321163
0.271073
0.411766
0.341038
0.267742
0.32887
0.301967
0.263182
0.277372
0.257201
0.317772
0.272024
0.236107
0.213481
0.227624
0.336609
0.313616
0.254571
0.674461
0.741104
0.583867
0.403327
0.583296
0.542245
0.372595
0.435553
0.387666
0.497293
0.49664
0.448271
0.430637
0.496234
0.732767
0.583082
0.544456
0.703521
0.323254
0.472704
0.30671
0.505087
0.469894
0.420038
0.341516
0.3162
0.310663
0.314029
0.418803
0.317269
0.410958
0.387318
0.347992
0.616625
0.562275
0.392272
0.531837
0.549075
0.358943
0.43871
0.432648
0.543018
0.789835
0.510007
0.566842
0.73513
0.775013
0.562981
0.561743
0.363846
0.538524
0.371822
0.551947
0.392002
0.592973
0.454063
0.527141
0.423808
0.370703
0.479024
0.400228
0.304637
0.3227
0.293282
0.481446
0.463572
0.443275
0.391731
0.294723
0.418901
0.33055
0.368646
0.424071
0.522986
0.403291
0.362845
0.264204
0.250447
0.256901
0.337081
0.359275
0.320074
0.230317
0.369912
0.223915
0.246134
0.216849
0.211494
0.387788
0.289447
0.764952
0.399339
0.40051
0.590459
0.565146
0.549644
0.361447
0.524806
0.465502
0.344903
0.467573
0.479215
0.445174
0.380761
0.398802
0.425765
0.423155
0.99986
0.317511
0.568726
0.401638
0.320075
0.409747
0.282028
0.44009
0.301887
0.471493
0.316646
0.311799
0.324386
0.815289
0.374939
0.485061
0.538729
0.498631
0.347946
0.360351
0.316663
0.552852
0.355308
0.549732
0.521037
0.475687
0.398455
0.4973
0.389277
0.345588
0.488225
0.493215
0.414844
0.519796
0.562196
0.566154
0.469963
0.325339
0.780284
0.340273
0.329025
0.348688
0.339422
0.508494
0.32803
0.449269
0.303999
0.35929
0.389829
0.394709
0.422243
0.362608
0.251046
0.292576
0.253201
0.359894
0.267822
0.234906
0.231237
0.25092
0.363119
0.33093
0.287305
0.279876
0.314573
0.354424
0.279339
0.287007
0.414711
0.282534
0.397686
0.251043
0.230447
0.33809
1.12179
0.459614
0.249411
0.338946
0.337447
0.367723
0.2549
0.31341
0.597221
0.314606
0.266288
0.242005
0.218364
0.310791
0.29115
0.306684
0.2744
0.298917
0.181675
0.1798
0.275131
0.294475
0.281492
0.275377
0.175677
0.25515
0.244471
0.366079
0.341654
0.454824
0.274547
0.411843
0.365452
0.600505
0.496056
0.310007
0.339063
0.524968
0.51638
0.344073
0.27186
0.32357
0.700213
0.426049
0.227408
0.368943
0.250907
0.236963
0.243453
0.310209
0.219042
0.274909
0.24415
0.23651
0.529024
0.360838
0.2604
0.243992
0.23756
0.470378
0.394912
0.659988
0.376988
0.396002
0.396907
0.414734
0.591678
0.511789
0.628895
0.535562
0.423719
0.740941
0.357343
0.712124
0.64428
0.779138
0.511818
0.36112
0.334753
0.462444
0.423374
0.384587
0.370889
0.592726
0.393836
0.35388
0.510062
0.347205
0.336591
0.671997
0.357013
0.355113
0.367151
0.346879
0.339132
0.300881
0.613481
0.318106
0.305585
0.29772
0.407153
0.451302
0.341726
0.35058
0.419644
0.606317
0.537033
0.372282
0.570428
0.41131
0.376348
0.302769
0.30683
0.578401
0.521091
0.344201
0.358108
0.278799
0.740343
0.326726
0.368034
0.348619
0.318438
0.30438
0.270137
0.465049
0.263833
0.268513
0.332276
0.54013
0.252137
0.293836
0.326058
0.285985
0.299416
0.290114
0.425429
0.27898
0.273666
0.343154
0.32401
0.32053
0.29942
0.451947
0.504449
0.322095
0.654041
0.286422
0.386661
0.37772
0.365136
0.349553
0.406367
0.331792
0.30128
0.374875
0.39346
0.379723
0.322824
0.375388
0.532592
0.489876
0.322679
0.628399
0.441035
0.557189
0.431521
0.528001
0.621986
0.514879
0.346866
0.329734
0.51281
0.506775
0.517824
0.339079
0.333743
0.351647
0.300508
0.451568
0.492729
0.618298
0.47375
0.589158
0.580833
0.680172
0.544013
0.679628
0.645204
0.733024
0.420862
0.648017
0.526331
0.439503
0.480015
0.455803
0.445289
0.444367
0.448187
0.453003
0.663177
0.748445
0.687969
0.544999
0.683032
0.848173
0.510894
0.413269
0.426233
0.561813
0.400468
0.355842
0.564066
0.496196
0.501044
0.621155
0.762688
0.645811
0.488568
0.543113
0.419555
0.763572
0.467348
0.672973
0.625188
0.420568
0.673239
0.692403
0.732401
0.451616
0.663216
0.435732
0.423129
0.447731
0.533624
0.704384
0.462181
0.690716
0.455281
0.437446
0.397827
0.406344
0.371595
0.350157
0.37175
0.435112
0.407023
0.37531
0.393784
0.417098
0.488814
0.404084
0.694479
0.523511
0.424343
0.641334
0.728733
0.805126
0.747563
0.59649
0.721067
0.780631
0.411345
0.368018
0.51596
0.398691
0.384238
0.478111
0.419962
0.680557
0.39493
0.401137
0.394297
0.388145
0.542486
0.38899
0.384901
0.362993
0.483528
0.625439
0.579586
0.353453
0.389562
0.531637
0.88519
0.570916
0.659284
0.796373
0.431547
0.637173
0.663562
0.400676
0.47408
0.401149
0.358841
0.412495
0.38974
0.36006
0.353807
0.419427
0.426546
0.413944
0.402488
0.393247
0.514373
0.631594
0.707971
1.28992
0.591638
0.599841
0.530706
1.72128
0.646899
0.619968
0.56997
0.458797
1.40884
0.418637
0.52565
0.403668
0.482359
0.426573
0.375016
0.67193
0.404626
0.420501
0.44246
0.441311
0.403868
1.29363
0.281586
0.338384
0.27636
0.954342
0.323025
0.556907
0.688935
0.823095
0.469317
0.850715
0.61023
0.378445
0.376264
0.58059
0.353184
0.606181
0.539703
0.537344
0.333704
0.332242
0.319893
0.295832
0.391927
0.564978
0.317047
0.29176
0.36413
0.397761
0.562143
2.20008
0.323032
0.315394
1.22527
0.301056
0.304959
0.424109
0.583534
0.309257
0.32898
0.367722
0.300519
0.303394
0.310442
0.395073
0.465175
0.314451
0.479872
0.584289
0.434121
0.543061
0.741372
0.59258
0.70528
0.359361
0.346854
0.524527
0.334009
0.284098
0.28965
