1403715528412143104.000000 6.690439 12.056713 -5.050352
1403715528462142976.000000 6.697989 12.057940 -5.038673
1403715528512143104.000000 6.712517 12.063883 -5.011165
1403715528562142976.000000 6.737429 12.072203 -4.961716
1403715528612143360.000000 6.771889 12.081110 -4.891598
1403715528662142976.000000 6.815476 12.091139 -4.804785
1403715528712143104.000000 6.863206 12.103509 -4.704246
1403715528762143232.000000 6.916064 12.119061 -4.593833
1403715528812143104.000000 6.971020 12.135460 -4.473437
1403715528862142976.000000 7.027903 12.151912 -4.342620
1403715528912143104.000000 7.087781 12.174113 -4.208133
1403715528962142976.000000 7.147871 12.198311 -4.078431
1403715529012143104.000000 7.207983 12.234547 -3.947352
1403715529062142976.000000 7.267546 12.284919 -3.810844
1403715529112143360.000000 7.336430 12.333430 -3.645331
1403715529162142976.000000 7.405723 12.394705 -3.460481
1403715529212143104.000000 7.445924 12.432050 -3.336272
1403715529262143232.000000 7.550150 12.519119 -3.034964
1403715529312143104.000000 7.632519 12.578024 -2.824473
1403715529362142976.000000 7.664375 12.629664 -2.694643
1403715529412143104.000000 7.802982 12.707944 -2.458365
1403715529462142976.000000 7.849449 12.764824 -2.340066
1403715529512143104.000000 8.006115 12.848805 -2.150262
1403715529562142976.000000 8.074052 12.880962 -2.085863
1403715529612143360.000000 8.260678 12.928919 -1.971483
1403715529662142976.000000 8.358932 12.929857 -1.946849
1403715529712143104.000000 8.559629 13.066131 -1.838173
1403715529762143232.000000 8.678251 13.075386 -1.747715
1403715529812143104.000000 8.876195 13.258741 -1.672511
1403715529862142976.000000 9.001823 13.317478 -1.648239
1403715529912143104.000000 9.186114 13.377303 -1.448526
1403715529962142976.000000 9.348683 13.432656 -1.378426
1403715530012143104.000000 9.554503 13.565547 -1.176670
1403715530062142976.000000 9.708188 13.645109 -1.068968
1403715530112143360.000000 9.902511 13.747699 -0.889378
1403715530162142976.000000 10.074717 13.850441 -0.695279
1403715530212143104.000000 10.198148 13.940022 -0.558837
1403715530262143232.000000 10.309300 14.060554 -0.325498
1403715530312143104.000000 10.502429 14.197043 -0.016196
1403715530362142976.000000 10.714279 14.418705 0.367789
1403715530412143104.000000 10.812119 14.609297 0.639616
1403715530462142976.000000 10.946295 14.835049 0.945981
1403715530512143104.000000 11.216110 15.082379 1.444528
1403715530562142976.000000 11.328209 15.283100 1.772641
1403715530612143360.000000 11.517904 15.569047 2.075255
1403715530662142976.000000 11.742564 15.807561 2.458449
1403715530712143104.000000 11.874847 16.042456 2.662676
1403715530762143232.000000 12.094072 16.352045 2.853080
1403715530812143104.000000 12.299530 16.640672 3.162598
1403715530862142976.000000 12.462307 16.889049 3.369077
1403715530912143104.000000 12.625881 17.143939 3.576996
1403715530962142976.000000 12.811689 17.409723 3.792869
1403715531012143104.000000 13.017512 17.681266 4.062748
1403715531062142976.000000 13.184816 17.955484 4.247073
1403715531112143360.000000 13.305159 18.165498 4.390327
1403715531162142976.000000 13.542953 18.495537 4.560078
1403715531212143104.000000 13.811163 18.798655 4.841508
1403715531262143232.000000 14.040249 19.020081 4.981801
1403715531312143104.000000 14.263440 19.293704 5.103797
1403715531362142976.000000 14.451673 19.458487 5.060756
1403715531412143104.000000 14.944538 19.791347 5.499906
1403715531462142976.000000 15.252504 19.971693 5.677580
1403715531512143104.000000 15.559142 20.131561 5.739634
1403715531562142976.000000 15.878153 20.217215 5.939612
1403715531612143360.000000 16.146101 20.444638 5.806048
1403715531662142976.000000 16.406768 20.544024 5.787088
1403715531712143104.000000 16.682134 20.602096 5.769669
1403715531762143232.000000 16.989125 20.655979 5.812990
1403715531812143104.000000 17.270698 20.740392 5.801845
1403715531862142976.000000 17.528028 20.755729 5.760131
1403715531912143104.000000 17.891762 20.854370 5.867994
1403715531962142976.000000 18.153530 20.909414 5.872044
1403715532012143104.000000 18.401438 20.954252 5.853719
1403715532062142976.000000 18.583452 20.995737 5.775811
1403715532112143360.000000 18.835014 21.072727 5.820210
1403715532162142976.000000 19.056410 21.123370 5.868087
1403715532212143104.000000 19.234377 21.135513 5.851235
1403715532262143232.000000 19.384007 21.174679 5.851267
1403715532312143104.000000 19.579207 21.369890 5.807264
1403715532362142976.000000 19.706422 21.386965 5.793653
1403715532412143104.000000 19.822721 21.452151 5.776686
1403715532462142976.000000 19.917806 21.511394 5.782721
1403715532512143104.000000 20.038763 21.653851 5.719560
1403715532562142976.000000 20.113821 21.697825 5.705485
1403715532612143360.000000 20.157128 21.714103 5.678357
1403715532662142976.000000 20.217580 21.743258 5.681762
1403715532712143104.000000 20.260825 21.811348 5.606738
1403715532762143232.000000 20.325521 21.757869 5.653218
1403715532812143104.000000 20.284755 21.768213 5.516606
1403715532862142976.000000 20.308007 21.644529 5.532635
1403715532912143104.000000 20.245473 21.485129 5.475664
1403715532962142976.000000 20.216383 21.310993 5.419631
1403715533012143104.000000 20.173809 21.183321 5.290265
1403715533062142976.000000 20.082377 20.924003 5.160762
1403715533112143360.000000 20.024368 20.729788 4.950693
1403715533162142976.000000 19.911262 20.442981 4.786207
1403715533212143104.000000 19.810041 20.143426 4.602971
1403715533262143232.000000 19.637615 19.763595 4.518592
1403715533312143104.000000 19.436591 19.356784 4.426804
1403715533362142976.000000 19.210587 19.006906 4.303734
1403715533412143104.000000 18.971512 18.622768 4.286687
1403715533462142976.000000 18.768914 18.296670 4.283140
1403715533512143104.000000 18.352038 17.751777 4.369107
1403715533562142976.000000 18.049253 17.443419 4.379243
1403715533612143360.000000 17.656673 16.951548 4.492011
1403715533662142976.000000 17.217911 16.418607 4.663011
1403715533712143104.000000 16.911219 15.894756 5.007095
1403715533762143232.000000 16.476098 15.344116 5.231418
1403715533812143104.000000 16.115283 14.755064 5.632621
1403715533862142976.000000 15.620592 14.213145 5.737731
1403715533912143104.000000 15.103645 13.561439 5.967114
1403715533962142976.000000 14.650278 12.830967 6.253854
1403715534012143104.000000 14.174806 12.131571 6.418687
1403715534062142976.000000 13.805427 11.524439 6.597852
1403715534112143360.000000 13.311042 10.773410 6.755139
1403715534162142976.000000 12.863347 10.269250 6.625565
1403715534212143104.000000 12.275862 9.175173 6.856958
1403715534262143232.000000 11.785257 8.477705 6.896354
1403715534312143104.000000 11.351390 7.879081 6.767210
1403715534362142976.000000 10.757363 7.178248 6.562107
1403715534412143104.000000 10.338764 6.578112 6.412671
1403715534462142976.000000 9.896496 5.548250 6.500956
1403715534512143104.000000 9.559207 4.865083 6.463397
1403715534562142976.000000 9.075992 4.118926 6.278535
1403715534612143360.000000 8.651279 3.387968 6.214295
1403715534662142976.000000 8.266497 2.753652 6.030381
1403715534712143104.000000 7.883597 2.251128 5.637604
1403715534762143232.000000 7.449053 1.315604 5.606690
1403715534812143104.000000 7.007672 0.621335 5.356753
1403715534862142976.000000 6.706126 -0.072382 5.203711
1403715534912143104.000000 6.329736 -0.781368 5.007954
1403715534962142976.000000 6.104204 -1.421571 4.991937
1403715535012143104.000000 5.734556 -2.116505 4.703272
1403715535062142976.000000 5.468421 -2.810223 4.562351
1403715535112143360.000000 5.302256 -3.403340 4.446871
1403715535162142976.000000 5.059857 -4.119667 4.190344
1403715535212143104.000000 4.807892 -4.781577 3.988274
1403715535262143232.000000 4.521170 -5.545359 3.826846
1403715535312143104.000000 4.457684 -6.138689 3.645562
1403715535362142976.000000 4.360705 -6.881286 3.532694
1403715535412143104.000000 4.206290 -7.593421 3.401275
1403715535462142976.000000 4.201040 -8.314088 3.266962
1403715535512143104.000000 4.234294 -9.020423 3.114918
1403715535562142976.000000 4.200886 -9.779909 2.972292
1403715535612143360.000000 4.070164 -10.795325 2.936552
1403715535662142976.000000 4.107276 -11.562192 2.784722
1403715535712143104.000000 4.101013 -12.369891 2.764238
1403715535762143232.000000 4.114117 -13.177137 2.589457
1403715535812143104.000000 4.146658 -13.982378 2.427240
1403715535862142976.000000 4.168451 -14.775689 2.309104
1403715535912143104.000000 4.128994 -15.684953 2.187767
1403715535962142976.000000 4.147180 -16.467934 2.062912
1403715536012143104.000000 4.200298 -17.229946 1.888284
1403715536062142976.000000 4.334561 -17.923732 1.694745
1403715536112143360.000000 4.368825 -18.725532 1.556363
1403715536162142976.000000 4.493466 -19.506701 1.505692
1403715536212143104.000000 4.491375 -20.504718 1.483982
1403715536262143232.000000 4.647224 -21.259403 1.326271
1403715536312143104.000000 4.838785 -21.961329 1.217211
1403715536362142976.000000 5.047509 -22.752306 1.101956
1403715536412143104.000000 5.258717 -23.539761 1.025495
1403715536462142976.000000 5.556054 -24.305162 1.047584
1403715536512143104.000000 5.884035 -25.071580 1.076532
1403715536562142976.000000 6.215626 -25.739404 0.957283
1403715536612143360.000000 6.570130 -26.484561 0.978901
1403715536662142976.000000 6.961724 -27.172124 0.987355
1403715536712143104.000000 7.434601 -27.734973 0.983624
1403715536762143232.000000 7.888335 -28.279614 0.953159
1403715536812143104.000000 8.377139 -28.819149 0.981606
1403715536862142976.000000 8.824780 -29.363276 0.982867
1403715536912143104.000000 9.332454 -29.718101 0.990680
1403715536962142976.000000 9.804460 -30.175609 1.048843
1403715537012143104.000000 10.287926 -30.463304 1.043295
1403715537062142976.000000 10.780218 -30.648190 1.099367
1403715537112143360.000000 11.223408 -30.903927 1.149444
1403715537162142976.000000 11.674142 -30.989051 1.248235
1403715537212143104.000000 12.104404 -30.979527 1.314055
1403715537262143232.000000 12.479394 -30.911604 1.385168
1403715537312143104.000000 12.827287 -30.739655 1.521328
1403715537362142976.000000 13.122031 -30.458879 1.612538
1403715537412143104.000000 13.398638 -30.088193 1.754246
1403715537462142976.000000 13.585554 -29.686152 1.826783
1403715537512143104.000000 13.749335 -29.220242 1.953653
1403715537562142976.000000 13.838078 -28.789229 2.059738
1403715537612143360.000000 13.959445 -28.204432 2.194991
1403715537662142976.000000 13.992871 -27.714354 2.295544
1403715537712143104.000000 14.076552 -27.158251 2.403397
1403715537762143232.000000 14.098132 -26.652399 2.591571
1403715537812143104.000000 14.115688 -26.176862 2.767376
1403715537862142976.000000 14.092635 -25.649478 2.908253
1403715537912143104.000000 14.056260 -25.170391 3.049441
1403715537962142976.000000 14.043019 -24.563919 3.149528
1403715538012143104.000000 13.923059 -24.058587 3.255548
1403715538062142976.000000 13.788791 -23.565586 3.416511
1403715538112143360.000000 13.633363 -23.077568 3.515559
1403715538162142976.000000 13.428451 -22.601135 3.631937
1403715538212143104.000000 13.274183 -22.081052 3.689986
1403715538262143232.000000 13.063271 -21.572903 3.730448
1403715538312143104.000000 12.871557 -21.118444 3.735358
1403715538362142976.000000 12.660713 -20.637931 3.745899
1403715538412143104.000000 12.398560 -20.180952 3.684271
1403715538462142976.000000 12.144493 -19.783620 3.643046
1403715538512143104.000000 11.797383 -19.376935 3.589193
1403715538562142976.000000 11.523823 -18.915035 3.491170
1403715538612143360.000000 11.148423 -18.516523 3.516322
1403715538662142976.000000 10.717384 -18.060977 3.412894
1403715538712143104.000000 10.287078 -17.626502 3.410305
1403715538762143232.000000 9.826575 -17.192501 3.344375
1403715538812143104.000000 9.368934 -16.681344 3.241389
1403715538862142976.000000 8.902067 -16.169406 3.118968
1403715538912143104.000000 8.402263 -15.686804 3.071940
1403715538962142976.000000 7.948709 -15.178602 2.951008
1403715539012143104.000000 7.448387 -14.669268 2.829387
1403715539062142976.000000 6.951082 -14.139561 2.683438
1403715539112143360.000000 6.504574 -13.626437 2.547591
1403715539162142976.000000 5.966254 -13.186499 2.310091
1403715539212143104.000000 5.469998 -12.648660 1.938328
1403715539262143232.000000 5.039588 -12.051849 1.747142
1403715539312143104.000000 4.585476 -11.524963 1.439003
1403715539362142976.000000 4.166727 -11.018327 1.147286
1403715539412143104.000000 3.719153 -10.444464 0.602175
1403715539462142976.000000 3.212686 -9.905371 0.362476
1403715539512143104.000000 2.802311 -9.400495 0.114661
1403715539562142976.000000 2.316601 -8.895283 -0.088946
1403715539612143360.000000 2.023694 -8.403323 -0.297503
1403715539662142976.000000 1.616604 -7.882144 -0.436316
1403715539712143104.000000 1.229707 -7.398408 -0.536596
1403715539762143232.000000 0.868616 -6.947492 -0.512502
1403715539812143104.000000 0.474286 -6.492218 -0.503604
1403715539862142976.000000 0.021013 -6.056358 -0.510018
1403715539912143104.000000 -0.347955 -5.607574 -0.454271
1403715539962142976.000000 -0.728290 -5.216197 -0.264427
1403715540012143104.000000 -1.102162 -4.818178 -0.147877
1403715540062142976.000000 -1.580396 -4.400677 0.011604
1403715540112143360.000000 -2.016335 -4.074078 0.209761
1403715540162142976.000000 -2.421244 -3.775670 0.378236
1403715540212143104.000000 -2.860394 -3.519937 0.632998
1403715540262143232.000000 -3.367340 -3.308905 0.854252
1403715540312143104.000000 -3.853157 -3.121283 1.008750
1403715540362142976.000000 -4.383140 -2.992807 1.308380
1403715540412143104.000000 -4.931881 -2.881337 1.473421
1403715540462142976.000000 -5.466581 -2.814755 1.646735
1403715540512143104.000000 -5.958633 -2.769626 1.793543
1403715540562142976.000000 -6.519835 -2.798349 1.930765
1403715540612143360.000000 -7.020227 -2.789200 2.061631
1403715540662142976.000000 -7.515967 -2.856732 2.220901
1403715540712143104.000000 -7.992530 -2.972534 2.362166
1403715540762143232.000000 -8.490867 -3.158053 2.450392
1403715540812143104.000000 -8.969046 -3.368830 2.614748
1403715540862142976.000000 -9.391750 -3.663126 2.748833
1403715540912143104.000000 -9.963864 -3.962505 2.881430
1403715540962142976.000000 -10.437842 -4.282102 3.026233
1403715541012143104.000000 -10.970534 -4.649225 3.115609
1403715541062142976.000000 -11.498670 -5.088810 3.250092
1403715541112143360.000000 -12.039645 -5.524768 3.292517
1403715541162142976.000000 -12.510296 -5.966058 3.385408
1403715541212143104.000000 -12.982117 -6.447162 3.436085
1403715541262143232.000000 -13.460035 -6.943462 3.471131
1403715541312143104.000000 -14.028257 -7.450742 3.646475
1403715541362142976.000000 -14.710868 -8.049510 3.749665
1403715541412143104.000000 -15.193308 -8.574458 3.749813
1403715541462142976.000000 -15.809718 -9.167500 3.898149
1403715541512143104.000000 -16.433211 -9.725912 3.903108
1403715541562142976.000000 -17.025008 -10.312845 3.922353
1403715541612143360.000000 -17.584460 -10.898401 4.006258
1403715541662142976.000000 -18.189011 -11.497801 4.020410
1403715541712143104.000000 -18.769902 -12.144479 4.055867
1403715541762143232.000000 -19.300673 -12.801398 4.023216
1403715541812143104.000000 -19.865850 -13.482319 4.119968
1403715541862142976.000000 -20.375609 -14.212512 4.149501
1403715541912143104.000000 -20.874077 -14.923910 4.135952
1403715541962142976.000000 -21.357788 -15.647259 4.175659
1403715542012143104.000000 -21.680541 -16.324923 4.219808
1403715542062142976.000000 -22.122633 -17.050962 4.218324
1403715542112143360.000000 -22.292523 -17.739012 4.096829
1403715542162142976.000000 -22.525831 -18.491719 4.362253
1403715542212143104.000000 -22.630425 -19.167746 4.299440
1403715542262143232.000000 -22.736001 -19.806998 4.281263
1403715542312143104.000000 -22.862265 -20.529312 4.410243
1403715542362142976.000000 -22.824826 -21.220709 4.610722
1403715542412143104.000000 -22.748375 -21.787331 4.661100
1403715542462142976.000000 -22.678814 -22.343130 4.811972
1403715542512143104.000000 -22.673348 -22.869105 4.915926
1403715542562142976.000000 -22.547437 -23.314986 4.998513
1403715542612143360.000000 -22.416126 -23.715409 5.053122
1403715542662142976.000000 -22.341898 -24.092319 5.073849
1403715542712143104.000000 -22.252229 -24.474612 5.169114
1403715542762143232.000000 -22.214764 -24.807018 5.232977
1403715542812143104.000000 -22.158503 -25.119826 5.173269
1403715542862142976.000000 -22.100721 -25.415351 5.130682
1403715542912143104.000000 -22.020272 -25.656400 5.125264
1403715542962142976.000000 -21.951754 -25.885029 5.088626
1403715543012143104.000000 -21.878989 -26.138497 5.091858
1403715543062142976.000000 -21.805093 -26.349286 5.036209
1403715543112143360.000000 -21.792822 -26.521828 4.883146
1403715543162142976.000000 -21.750443 -26.709725 4.816146
1403715543212143104.000000 -21.763708 -26.919349 4.681258
1403715543262143232.000000 -21.724089 -27.030029 4.586862
1403715543312143104.000000 -21.748245 -27.171187 4.507424
1403715543362142976.000000 -21.762113 -27.345225 4.551875
1403715543412143104.000000 -21.820318 -27.449290 4.391535
1403715543462142976.000000 -21.911612 -27.524754 4.202439
1403715543512143104.000000 -21.939978 -27.543507 4.116544
1403715543562142976.000000 -22.054908 -27.694318 4.112212
1403715543612143360.000000 -22.146035 -27.741680 4.040516
1403715543662142976.000000 -22.238685 -27.728011 3.948393
1403715543712143104.000000 -22.384689 -27.691257 3.823412
1403715543762143232.000000 -22.512489 -27.705278 3.752654
1403715543812143104.000000 -22.585728 -27.570041 3.673344
1403715543862142976.000000 -22.742608 -27.490037 3.555571
1403715543912143104.000000 -22.862824 -27.357320 3.426771
1403715543962142976.000000 -22.943510 -27.077826 3.241522
1403715544012143104.000000 -23.034939 -26.841577 3.113160
1403715544062142976.000000 -23.128262 -26.577767 2.958289
1403715544112143360.000000 -23.249285 -26.285929 2.740879
1403715544162142976.000000 -23.321310 -25.937814 2.486189
1403715544212143104.000000 -23.292483 -25.520917 2.255471
1403715544262143232.000000 -23.209495 -25.101608 1.993226
1403715544312143104.000000 -23.351075 -24.733450 1.610599
1403715544362142976.000000 -23.424864 -24.401612 1.311050
1403715544412143104.000000 -23.438994 -23.958403 0.874757
1403715544462142976.000000 -23.415386 -23.506114 0.490189
1403715544512143104.000000 -23.396603 -23.042746 0.042265
1403715544562142976.000000 -23.166540 -22.463111 -0.413076
1403715544612143360.000000 -23.045820 -21.965163 -0.754835
1403715544662142976.000000 -23.087328 -21.511435 -0.934060
1403715544712143104.000000 -23.005685 -20.992782 -1.296044
1403715544762143232.000000 -22.892671 -20.475421 -1.473611
1403715544812143104.000000 -22.778805 -19.968902 -1.499586
1403715544862142976.000000 -22.736032 -19.438958 -1.383863
1403715544912143104.000000 -22.542018 -18.856654 -1.272122
1403715544962142976.000000 -22.450116 -18.226785 -1.317255
1403715545012143104.000000 -22.214908 -17.611076 -1.250194
1403715545062142976.000000 -22.176013 -17.016254 -1.102853
1403715545112143360.000000 -22.040778 -16.400611 -0.936516
1403715545162142976.000000 -21.907134 -15.775412 -0.820031
1403715545212143104.000000 -21.714595 -15.132988 -0.818922
1403715545262143232.000000 -21.577688 -14.507216 -0.812235
1403715545312143104.000000 -21.396454 -13.923451 -0.827201
1403715545362142976.000000 -21.184480 -13.271881 -0.857267
1403715545412143104.000000 -21.011323 -12.658183 -0.930590
1403715545462142976.000000 -20.860722 -12.051202 -0.947756
1403715545512143104.000000 -20.662608 -11.447236 -0.928193
1403715545562142976.000000 -20.517136 -10.803649 -0.960550
1403715545612143360.000000 -20.342364 -10.191992 -0.916915
1403715545662142976.000000 -20.201671 -9.570016 -0.875586
1403715545712143104.000000 -20.069646 -8.902484 -0.800916
1403715545762143232.000000 -19.971619 -8.244670 -0.769922
1403715545812143104.000000 -19.911784 -7.609484 -0.764556
1403715545862142976.000000 -19.866326 -6.923587 -0.754805
1403715545912143104.000000 -19.822309 -6.244625 -0.721484
1403715545962142976.000000 -19.819493 -5.557811 -0.710800
1403715546012143104.000000 -19.777102 -4.885322 -0.720523
1403715546062142976.000000 -19.715472 -4.175274 -0.648148
1403715546112143360.000000 -19.708420 -3.494466 -0.613880
1403715546162142976.000000 -19.668304 -2.768755 -0.593602
1403715546212143104.000000 -19.647916 -2.112374 -0.513900
1403715546262143232.000000 -19.588859 -1.385673 -0.465477
1403715546312143104.000000 -19.569789 -0.705803 -0.391003
1403715546362142976.000000 -19.526796 -0.016565 -0.362085
1403715546412143104.000000 -19.467604 0.675750 -0.280989
1403715546462142976.000000 -19.492915 1.379335 -0.184585
1403715546512143104.000000 -19.469350 2.052203 -0.093681
1403715546562142976.000000 -19.422224 2.696705 -0.014472
1403715546612143360.000000 -19.399860 3.382177 0.092180
1403715546662142976.000000 -19.352372 4.075290 0.199886
1403715546712143104.000000 -19.333940 4.712234 0.294186
1403715546762143232.000000 -19.229182 5.435098 0.382235
1403715546812143104.000000 -19.232177 6.111363 0.353134
1403715546862142976.000000 -19.191971 6.737388 0.437586
1403715546912143104.000000 -19.183119 7.339934 0.482939
1403715546962142976.000000 -19.108191 7.895548 0.514276
1403715547012143104.000000 -19.045845 8.419166 0.589498
1403715547062142976.000000 -19.005527 8.973128 0.630211
1403715547112143360.000000 -18.854867 9.432563 0.669646
1403715547162142976.000000 -18.719340 9.875245 0.736406
1403715547212143104.000000 -18.534479 10.305993 0.808666
1403715547262143232.000000 -18.394125 10.710228 0.913341
1403715547312143104.000000 -18.235040 11.063120 0.909389
1403715547362142976.000000 -18.009867 11.477672 0.999526
1403715547412143104.000000 -17.699345 11.745859 0.907406
1403715547462142976.000000 -17.398016 12.109865 0.922357
1403715547512143104.000000 -17.068958 12.600402 1.099178
1403715547562142976.000000 -16.732784 12.898584 1.124139
1403715547612143360.000000 -16.353636 13.163490 1.101940
1403715547662142976.000000 -15.910961 13.469281 1.093389
1403715547712143104.000000 -15.454840 13.749001 1.112904
1403715547762143232.000000 -14.939122 13.966986 1.114832
1403715547812143104.000000 -14.374076 14.262054 1.202727
1403715547862142976.000000 -13.844599 14.423623 1.129593
1403715547912143104.000000 -13.252250 14.344992 1.058242
1403715547962142976.000000 -12.302391 15.151876 1.385565
1403715548012143104.000000 -11.517946 15.417238 1.364318
1403715548062142976.000000 -10.784910 15.620312 1.363676
1403715548112143360.000000 -10.021238 15.801161 1.328004
1403715548162142976.000000 -9.322239 16.045742 1.416939
1403715548212143104.000000 -8.431449 16.284681 1.366389
1403715548262143232.000000 -7.614907 16.437513 1.468841
1403715548312143104.000000 -6.804040 16.670374 1.457664
1403715548362142976.000000 -5.887445 17.081347 1.541993
1403715548412143104.000000 -5.193842 17.208277 1.772717
1403715548462142976.000000 -4.382713 17.463836 1.457587
1403715548512143104.000000 -3.671691 17.643915 1.273987
1403715548562142976.000000 -2.856825 17.801212 1.345050
1403715548612143360.000000 -2.024015 18.191098 1.202722
1403715548662142976.000000 -1.105265 18.718950 1.130967
1403715548712143104.000000 -0.386549 18.790518 1.269125
1403715548762143232.000000 0.385817 19.236987 0.920760
1403715548812143104.000000 1.220011 19.602138 0.639448
1403715548862142976.000000 1.995163 19.965909 0.423160
1403715548912143104.000000 2.734393 20.221748 0.559150
1403715548962142976.000000 3.499219 20.513382 0.309896
1403715549012143104.000000 4.253341 20.891601 0.322006
1403715549062142976.000000 5.230369 21.296532 0.187270
1403715549112143360.000000 5.930517 21.659874 0.119115
1403715549162142976.000000 6.635587 21.989360 -0.010637
1403715549212143104.000000 7.401201 22.357507 -0.158785
1403715549262143232.000000 8.177628 22.745613 -0.163813
1403715549312143104.000000 8.880371 23.125544 -0.280453
1403715549362142976.000000 9.563072 23.414474 -0.392584
1403715549412143104.000000 10.267035 23.827278 -0.327322
1403715549462142976.000000 10.880341 24.142737 -0.489657
1403715549512143104.000000 11.486456 24.498977 -0.505260
1403715549562142976.000000 12.094923 24.861069 -0.536432
1403715549612143360.000000 12.620567 25.116201 -0.689212
1403715549662142976.000000 13.135699 25.380469 -0.757018
1403715549712143104.000000 13.675956 25.642357 -0.833052
1403715549762143232.000000 14.226486 25.864919 -0.939290
1403715549812143104.000000 14.754407 25.994638 -0.916112
1403715549862142976.000000 15.226594 26.110788 -0.959022
1403715549912143104.000000 15.709462 26.213890 -0.987800
1403715549962142976.000000 16.187028 26.239450 -1.055461
1403715550012143104.000000 16.680267 26.298299 -1.056051
1403715550062142976.000000 17.097584 26.258141 -1.156532
1403715550112143360.000000 17.482548 26.131104 -1.193740
1403715550162142976.000000 17.896381 25.948950 -1.165756
1403715550212143104.000000 18.244228 25.734314 -1.145515
1403715550262143232.000000 18.578881 25.449374 -1.131143
1403715550312143104.000000 18.931314 25.091706 -0.944481
1403715550362142976.000000 19.290762 24.777258 -0.728447
1403715550412143104.000000 19.523868 24.365935 -0.601235
1403715550462142976.000000 19.848705 23.910710 -0.392967
1403715550512143104.000000 20.097482 23.467415 -0.233358
1403715550562142976.000000 20.335920 22.990698 -0.033922
1403715550612143360.000000 20.617832 22.516729 0.144429
1403715550662142976.000000 20.828503 22.033200 0.287936
1403715550712143104.000000 21.140744 21.514655 0.380937
1403715550762143232.000000 21.287700 20.966192 0.437652
1403715550812143104.000000 21.481365 20.416763 0.504545
1403715550862142976.000000 21.690960 19.869714 0.435613
1403715550912143104.000000 21.857092 19.349475 0.431582
1403715550962142976.000000 21.964046 18.764796 0.338448
1403715551012143104.000000 22.024030 18.103759 0.299291
1403715551062142976.000000 22.138053 17.554901 0.224752
1403715551112143360.000000 22.103366 16.819229 0.129668
1403715551162142976.000000 22.170074 16.076438 0.188526
1403715551212143104.000000 22.120989 15.428051 0.284397
1403715551262143232.000000 22.038331 14.694982 0.463401
1403715551312143104.000000 21.840487 13.930742 0.492170
1403715551362142976.000000 21.659368 13.156615 0.692796
1403715551412143104.000000 21.409065 12.404893 0.738383
1403715551462142976.000000 21.173228 11.607113 0.911439
1403715551512143104.000000 20.831488 10.788805 0.991371
1403715551562142976.000000 20.523453 10.015007 0.966615
1403715551612143360.000000 20.041748 9.337701 1.244372
1403715551662142976.000000 19.613356 8.175020 1.194466
1403715551712143104.000000 19.129375 7.685505 1.526146
1403715551762143232.000000 18.707087 6.845310 1.553044
1403715551812143104.000000 18.153532 6.234887 1.719585
1403715551862142976.000000 17.620094 5.451628 1.818751
1403715551912143104.000000 17.049497 4.795759 1.850601
1403715551962142976.000000 16.402337 4.229533 2.098359
1403715552012143104.000000 15.919262 3.566902 2.225175
1403715552062142976.000000 15.238441 3.026298 2.332991
1403715552112143360.000000 14.821245 2.483197 2.365213
1403715552162142976.000000 14.191305 2.058403 2.454165
1403715552212143104.000000 13.582119 1.652588 2.456594
1403715552262143232.000000 13.115786 1.217311 2.497767
1403715552312143104.000000 12.314941 0.792878 2.572811
1403715552362142976.000000 11.751136 0.480926 2.597904
1403715552412143104.000000 11.112829 0.307091 2.749423
1403715552462142976.000000 10.566712 0.014104 2.834278
1403715552512143104.000000 10.051965 -0.146702 2.988847
1403715552562142976.000000 9.567593 -0.226111 2.980635
1403715552612143360.000000 9.184861 -0.315315 3.152259
1403715552662142976.000000 8.830015 -0.369921 2.975042
1403715552712143104.000000 8.267745 -0.285014 3.213027
1403715552762143232.000000 7.964079 -0.280874 3.240409
1403715552812143104.000000 7.670763 -0.219649 3.351159
1403715552862142976.000000 7.467140 -0.163724 3.366486
1403715552912143104.000000 7.189454 0.086956 3.367100
1403715552962142976.000000 6.825909 0.421740 3.453455
1403715553012143104.000000 6.527328 0.781938 3.362559
1403715553062142976.000000 6.290459 1.100864 3.340039
1403715553112143360.000000 6.106664 1.497267 3.310602
1403715553162142976.000000 6.010206 1.986739 3.323699
1403715553212143104.000000 5.902338 2.506122 3.498499
1403715553262143232.000000 5.467177 3.076884 3.256133
1403715553312143104.000000 5.438768 3.672244 3.339572
1403715553362142976.000000 5.290986 4.372989 3.357218
1403715553412143104.000000 5.411629 4.966483 3.530536
1403715553462142976.000000 4.979111 5.934615 3.110154
1403715553512143104.000000 5.020548 6.623331 3.039017
1403715553562142976.000000 5.111652 7.350305 2.963032
1403715553612143360.000000 5.255963 8.024651 2.915587
1403715553662142976.000000 5.151934 9.230154 2.624525
1403715553712143104.000000 5.427317 10.015528 2.675114
1403715553762143232.000000 5.710988 10.633618 2.453684
1403715553812143104.000000 5.957666 11.702575 2.187523
1403715553862142976.000000 6.399925 12.457601 2.038229
1403715553912143104.000000 6.887748 13.206598 1.885491
1403715553962142976.000000 7.442063 14.088833 1.892879
1403715554012143104.000000 7.471736 14.882906 1.700468
1403715554062142976.000000 7.924594 15.689757 1.695690
1403715554112143360.000000 8.253276 16.392685 1.482239
1403715554162142976.000000 8.688457 17.103192 1.431908
1403715554212143104.000000 8.955744 17.810120 1.290813
1403715554262143232.000000 9.317686 18.588148 1.231757
1403715554312143104.000000 9.514083 19.278487 1.093405
1403715554362142976.000000 9.759249 20.049825 0.987051
1403715554412143104.000000 9.862292 20.727316 0.866656
1403715554462142976.000000 9.974954 21.536095 0.729973
1403715554512143104.000000 10.037116 22.118163 0.512293
1403715554562142976.000000 10.041671 22.866570 0.240125
1403715554612143360.000000 10.024044 23.345544 0.068853
1403715554662142976.000000 9.956760 23.891491 -0.238514
1403715554712143104.000000 9.874541 24.249624 -0.527792
1403715554762143232.000000 9.768004 24.410979 -0.747514
1403715554812143104.000000 9.634232 24.465921 -1.021167
1403715554862142976.000000 9.447459 24.344098 -1.259426
1403715554912143104.000000 9.291537 23.942758 -1.427353
1403715554962142976.000000 9.083378 23.454022 -1.547514
1403715555012143104.000000 8.985394 22.716291 -1.411471
1403715555062142976.000000 8.885921 21.728762 -1.294195
1403715555112143360.000000 8.742604 20.641450 -1.080331
1403715555162142976.000000 8.771894 19.739704 -0.959595
1403715555212143104.000000 8.746652 18.542693 -0.621811
1403715555262143232.000000 8.567827 17.506265 -0.475008
1403715555312143104.000000 8.542483 16.036302 -0.524001
1403715555362142976.000000 8.412619 14.840244 -0.407957
1403715555412143104.000000 8.340068 13.799931 -0.392282
1403715555462142976.000000 8.302959 12.785949 -0.300590
1403715555512143104.000000 8.250396 11.869785 -0.251945
1403715555562142976.000000 8.182194 10.954799 -0.044652
1403715555612143360.000000 8.164410 10.226012 0.029836
1403715555662142976.000000 8.162273 9.497041 0.234772
1403715555712143104.000000 8.145075 8.813491 0.427754
1403715555762143232.000000 8.164735 8.234364 0.668052
1403715555812143104.000000 8.132864 7.685226 0.915006
1403715555862142976.000000 8.158354 7.079925 1.292984
1403715555912143104.000000 8.206897 6.651305 1.639014
1403715555962142976.000000 8.226163 6.221863 2.080752
1403715556012143104.000000 8.252524 5.911940 2.356933
1403715556062142976.000000 8.236026 5.687915 2.886104
1403715556112143360.000000 8.244227 5.405975 3.084442
1403715556162142976.000000 8.260033 5.245517 3.373412
1403715556212143104.000000 8.246361 5.166968 3.616313
1403715556262143232.000000 8.267833 5.129057 3.898024
1403715556312143104.000000 8.256899 5.159826 4.150215
1403715556362142976.000000 8.253091 5.300763 4.425292
1403715556412143104.000000 8.289571 5.467156 4.650865
1403715556462142976.000000 8.324132 5.643320 4.827571
1403715556512143104.000000 8.360335 5.986381 5.071768
1403715556562142976.000000 8.477132 6.199489 5.111254
1403715556612143360.000000 8.510011 6.510923 5.238840
1403715556662142976.000000 8.537760 6.810630 5.245968
1403715556712143104.000000 8.533091 7.295294 5.230042
1403715556762143232.000000 8.541006 7.681036 5.302556
1403715556812143104.000000 8.557398 8.009290 5.150187
1403715556862142976.000000 8.507522 8.415611 5.087164
1403715556912143104.000000 8.530588 8.840053 5.045973
1403715556962142976.000000 8.482012 9.104527 4.868570
1403715557012143104.000000 8.411348 9.546708 4.855277
1403715557062142976.000000 8.376004 9.932130 4.721076
1403715557112143360.000000 8.275542 10.317793 4.706620
1403715557162142976.000000 8.163208 10.654268 4.648833
1403715557212143104.000000 7.955635 10.932839 4.446924
1403715557262143232.000000 7.778606 11.252539 4.318864
1403715557312143104.000000 7.536633 11.603521 4.305476
1403715557362142976.000000 7.247974 11.922403 4.259982
1403715557412143104.000000 6.932263 12.344696 4.161665
1403715557462142976.000000 6.567857 12.628103 4.084781
1403715557512143104.000000 6.147207 12.987113 4.038802
1403715557562142976.000000 5.714197 13.347374 4.049181
1403715557612143360.000000 5.240360 13.812568 3.933529
1403715557662142976.000000 4.815625 14.161600 3.838940
1403715557712143104.000000 4.260231 14.470891 3.721026
1403715557762143232.000000 3.762873 14.778056 3.666464
1403715557812143104.000000 3.231452 15.070413 3.650055
1403715557862142976.000000 2.681995 15.519031 3.604457
1403715557912143104.000000 2.124539 15.740964 3.649355
1403715557962142976.000000 1.566067 16.015810 3.649427
1403715558012143104.000000 0.985343 16.401213 3.754871
1403715558062142976.000000 0.401704 16.766721 3.949024
1403715558112143360.000000 -0.177590 17.052091 4.128501
1403715558162142976.000000 -0.768051 17.333862 4.315302
1403715558212143104.000000 -1.324130 17.521174 4.408456
1403715558262143232.000000 -1.896688 17.871787 4.489621
1403715558312143104.000000 -2.552463 18.100765 4.709786
1403715558362142976.000000 -3.168706 18.273350 4.917329
1403715558412143104.000000 -3.815615 18.473890 5.039988
1403715558462142976.000000 -4.441166 18.844502 5.179221
1403715558512143104.000000 -5.065718 18.974270 5.311121
1403715558562142976.000000 -5.690838 19.203984 5.479844
1403715558612143360.000000 -6.279350 19.427648 5.495247
1403715558662142976.000000 -6.832797 19.599727 5.454392
1403715558712143104.000000 -7.425475 19.781739 5.492946
1403715558762143232.000000 -7.918909 19.982776 5.418332
1403715558812143104.000000 -8.415887 19.976974 5.320413
1403715558862142976.000000 -8.874313 20.079142 5.200633
1403715558912143104.000000 -9.309819 20.104763 5.225984
1403715558962142976.000000 -9.704806 20.155648 5.147317
1403715559012143104.000000 -10.094486 20.186525 5.160326
1403715559062142976.000000 -10.423400 20.187486 5.148876
1403715559112143360.000000 -10.718198 20.192203 5.146216
1403715559162142976.000000 -10.972966 20.059239 5.060227
1403715559212143104.000000 -11.191926 20.105824 5.084545
1403715559262143232.000000 -11.440368 19.995451 5.115877
1403715559312143104.000000 -11.597157 19.913251 5.149099
1403715559362142976.000000 -11.734465 19.818231 5.155733
1403715559412143104.000000 -11.858603 19.666120 5.182392
1403715559462142976.000000 -11.924287 19.533653 5.205127
1403715559512143104.000000 -11.987930 19.333025 5.148805
1403715559562142976.000000 -12.005300 19.125230 5.052458
1403715559612143360.000000 -12.035132 18.907383 4.936883
1403715559662142976.000000 -12.069395 18.702596 4.899115
1403715559712143104.000000 -12.094834 18.473148 4.724138
1403715559762143232.000000 -12.098876 18.189927 4.477400
1403715559812143104.000000 -12.081663 17.880041 4.244822
1403715559862142976.000000 -12.135934 17.660998 4.097211
1403715559912143104.000000 -12.158310 17.328705 3.883372
1403715559962142976.000000 -12.174991 17.009257 3.703489
1403715560012143104.000000 -12.193191 16.691915 3.528433
1403715560062142976.000000 -12.182370 16.337171 3.376360
1403715560112143360.000000 -12.126172 15.856778 3.187575
1403715560162142976.000000 -12.132536 15.430531 3.083392
1403715560212143104.000000 -12.078982 14.920670 3.041795
1403715560262143232.000000 -12.075002 14.400872 2.997081
1403715560312143104.000000 -12.054657 13.886033 2.967386
1403715560362142976.000000 -12.020093 13.402761 3.025549
1403715560412143104.000000 -12.005313 12.846732 3.036051
1403715560462142976.000000 -12.001117 12.252255 3.061209
1403715560512143104.000000 -11.937096 11.653203 3.149231
1403715560562142976.000000 -11.920592 11.091786 3.093478
1403715560612143360.000000 -11.923365 10.497319 3.101905
1403715560662142976.000000 -11.911611 9.936243 3.088446
1403715560712143104.000000 -11.893153 9.315282 3.113321
1403715560762143232.000000 -11.913437 8.756038 3.089049
1403715560812143104.000000 -11.908295 8.120374 3.126806
1403715560862142976.000000 -11.911203 7.519514 3.157932
1403715560912143104.000000 -11.870790 6.883119 3.150143
1403715560962142976.000000 -11.843248 6.236963 3.246909
1403715561012143104.000000 -11.855833 5.558787 3.229659
1403715561062142976.000000 -11.864601 4.903533 3.273681
1403715561112143360.000000 -11.813594 4.238861 3.280805
1403715561162142976.000000 -11.783781 3.566547 3.239551
1403715561212143104.000000 -11.771722 2.838021 3.300428
1403715561262143232.000000 -11.657369 2.131151 3.327900
1403715561312143104.000000 -11.640481 1.427772 3.383233
1403715561362142976.000000 -11.596803 0.699294 3.411455
1403715561412143104.000000 -11.585623 -0.005011 3.446708
1403715561462142976.000000 -11.604291 -0.701849 3.437834
1403715561512143104.000000 -11.572393 -1.379274 3.417901
1403715561562142976.000000 -11.604401 -2.108576 3.472346
1403715561612143360.000000 -11.691427 -2.781131 3.490374
1403715561662142976.000000 -11.720480 -3.477538 3.484334
1403715561712143104.000000 -11.781739 -4.179194 3.488104
1403715561762143232.000000 -11.781472 -4.832561 3.518133
1403715561812143104.000000 -11.837655 -5.484433 3.537887
1403715561862142976.000000 -11.822188 -6.146763 3.539864
1403715561912143104.000000 -11.764798 -6.816955 3.672150
1403715561962142976.000000 -11.791974 -7.463360 3.674016
1403715562012143104.000000 -11.731585 -8.050702 3.694613
1403715562062142976.000000 -11.684452 -8.619434 3.728120
1403715562112143360.000000 -11.597964 -9.161133 3.787145
1403715562162142976.000000 -11.533844 -9.655117 3.876667
1403715562212143104.000000 -11.404723 -10.132169 3.938807
1403715562262143232.000000 -11.274877 -10.539239 3.959226
1403715562312143104.000000 -11.150068 -10.925585 4.002106
1403715562362142976.000000 -10.949370 -11.340736 4.073843
1403715562412143104.000000 -10.716836 -11.668587 4.088625
1403715562462142976.000000 -10.454916 -11.929169 4.158641
1403715562512143104.000000 -10.144971 -12.194643 4.168247
1403715562562142976.000000 -9.819823 -12.466526 4.212000
1403715562612143360.000000 -9.453967 -12.704118 4.218846
1403715562662142976.000000 -9.051735 -12.965457 4.263843
1403715562712143104.000000 -8.491833 -13.155544 4.294886
1403715562762143232.000000 -7.989815 -13.360215 4.386439
1403715562812143104.000000 -7.470408 -13.555411 4.445953
1403715562862142976.000000 -6.915507 -13.769266 4.504981
1403715562912143104.000000 -6.349673 -13.966735 4.504611
1403715562962142976.000000 -5.795556 -14.144116 4.570551
1403715563012143104.000000 -5.215626 -14.347269 4.574172
1403715563062142976.000000 -4.625568 -14.506982 4.607647
1403715563112143360.000000 -4.127957 -14.729003 4.599571
1403715563162142976.000000 -3.502104 -14.877316 4.567745
1403715563212143104.000000 -2.964219 -15.058923 4.621682
1403715563262143232.000000 -2.427582 -15.249745 4.650205
1403715563312143104.000000 -1.939431 -15.494234 4.775829
1403715563362142976.000000 -1.334307 -15.507757 4.686528
1403715563412143104.000000 -0.743711 -15.574642 4.690527
1403715563462142976.000000 -0.228986 -15.649801 4.792851
1403715563512143104.000000 0.235152 -15.727482 4.785695
1403715563562142976.000000 0.798562 -15.690682 4.677435
1403715563612143360.000000 1.457833 -15.654649 4.604020
1403715563662142976.000000 1.886623 -15.650962 4.493540
1403715563712143104.000000 2.439770 -15.572933 4.327218
1403715563762143232.000000 2.917650 -15.483525 4.205369
1403715563812143104.000000 3.446951 -15.323053 4.013655
1403715563862142976.000000 3.959312 -15.132408 3.791038
1403715563912143104.000000 4.453909 -14.918029 3.575215
1403715563962142976.000000 4.941458 -14.636156 3.349893
1403715564012143104.000000 5.413115 -14.309801 2.960724
1403715564062142976.000000 5.936204 -13.944773 2.699498
1403715564112143360.000000 6.324065 -13.575653 2.344973
1403715564162142976.000000 6.778450 -13.187722 2.105677
1403715564212143104.000000 7.098146 -12.805115 1.898390
1403715564262143232.000000 7.348995 -12.452822 1.544128
1403715564312143104.000000 7.683185 -12.056886 1.323136
1403715564362142976.000000 7.921284 -11.629917 1.048137
1403715564412143104.000000 8.116317 -11.339275 0.815794
1403715564462142976.000000 8.139614 -10.945239 0.827326
1403715564512143104.000000 8.254151 -10.492683 0.722495
1403715564562142976.000000 8.305556 -10.207580 0.629782
1403715564612143360.000000 8.468897 -9.811169 0.792168
1403715564662142976.000000 8.565366 -9.501214 0.869421
1403715564712143104.000000 8.586004 -9.277405 0.842306
1403715564762143232.000000 8.624330 -8.780470 0.958686
1403715564812143104.000000 8.733412 -8.589296 1.077866
1403715564862142976.000000 8.811506 -7.914205 1.304591
1403715564912143104.000000 8.836913 -7.624967 1.468323
1403715564962142976.000000 8.891362 -7.353995 1.797399
1403715565012143104.000000 8.961204 -6.891224 2.184113
1403715565062142976.000000 8.897685 -6.524307 2.311357
1403715565112143360.000000 8.959017 -6.411601 2.935307
1403715565162142976.000000 8.945825 -6.196985 3.248943
1403715565212143104.000000 8.923255 -5.729371 3.638030
1403715565262143232.000000 8.899281 -5.339199 4.133886
1403715565312143104.000000 8.812164 -4.893766 4.205569
1403715565362142976.000000 8.800174 -4.571859 4.425306
1403715565412143104.000000 8.677677 -4.049091 4.601717
1403715565462142976.000000 8.591977 -3.788399 4.752671
1403715565512143104.000000 8.374084 -3.384431 4.602318
1403715565562142976.000000 8.391643 -3.096349 4.855201
1403715565612143360.000000 8.121123 -2.684269 4.751138
1403715565662142976.000000 8.012297 -2.503787 4.895002
1403715565712143104.000000 7.891401 -2.259856 5.205139
1403715565762143232.000000 7.722619 -1.775129 5.661945
1403715565812143104.000000 7.499104 -1.626450 5.776492
1403715565862142976.000000 7.563071 -1.540736 5.816569
1403715565912143104.000000 7.285723 -1.538470 5.864164
1403715565962142976.000000 7.231455 -1.458635 6.021313
1403715566012143104.000000 6.239975 -0.906098 6.532617
1403715566062142976.000000 5.978905 -0.771901 6.556312
1403715566112143360.000000 6.743041 -1.426340 6.375787
1403715566162142976.000000 6.726084 -1.577947 6.504470
1403715566212143104.000000 5.026099 -0.643059 7.167799
1403715566262143232.000000 4.821123 -0.722196 7.264234
1403715566312143104.000000 4.651249 -0.897497 7.471930
1403715566362142976.000000 4.480484 -1.021622 7.666733
1403715566412143104.000000 4.326361 -1.105297 7.699522
1403715566462142976.000000 4.040776 -1.335583 7.983145
1403715566512143104.000000 3.170229 -1.089019 7.918057
1403715566562142976.000000 2.901437 -1.254063 7.891528
1403715566612143360.000000 2.763933 -1.421065 7.967425
1403715566662142976.000000 2.418817 -1.555362 7.875293
1403715566712143104.000000 2.245285 -1.762124 7.923691
1403715566762143232.000000 1.817649 -1.999148 7.800803
1403715566812143104.000000 1.768636 -2.101692 7.692943
1403715566862142976.000000 2.158341 -2.561478 7.781790
1403715566912143104.000000 1.089570 -2.819191 7.757697
1403715566962142976.000000 0.953646 -3.219029 7.682824
1403715567012143104.000000 0.835488 -3.534459 7.734392
1403715567062142976.000000 0.528290 -4.066146 7.767330
1403715567112143360.000000 0.736482 -4.218424 7.976560
1403715567162142976.000000 0.263717 -4.894359 7.642899
1403715567212143104.000000 0.347925 -5.204944 7.748119
1403715567262143232.000000 -0.067408 -5.895116 7.508390
1403715567312143104.000000 -0.031716 -6.337725 7.567990
1403715567362142976.000000 -0.293602 -6.926408 7.496513
1403715567412143104.000000 -0.355480 -7.386282 7.495143
1403715567462142976.000000 -0.390437 -7.863007 7.265333
1403715567512143104.000000 -0.487384 -8.268079 7.291319
1403715567562142976.000000 -0.518488 -8.715961 6.976879
1403715567612143360.000000 -0.563924 -9.143162 6.912461
1403715567662142976.000000 -0.547441 -9.161566 7.019019
1403715567712143104.000000 -0.532793 -9.639221 6.809990
1403715567762143232.000000 -0.626247 -10.385145 6.613713
1403715567812143104.000000 -0.673339 -10.816179 6.564226
1403715567862142976.000000 -0.647437 -10.873073 6.299161
1403715567912143104.000000 -0.782565 -11.232116 5.945360
1403715567962142976.000000 -1.073589 -11.763224 5.656796
1403715568012143104.000000 -1.176915 -12.092359 5.380698
1403715568062142976.000000 -1.169772 -12.906787 5.263009
1403715568112143360.000000 -0.589098 -12.817787 4.246115
1403715568162142976.000000 -0.515753 -14.445668 4.083571
1403715568212143104.000000 -0.282511 -15.062242 3.900921
1403715568262143232.000000 -0.268827 -15.636911 3.638887
1403715568312143104.000000 -0.146697 -16.055690 3.468508
1403715568362142976.000000 0.048808 -16.465813 3.318310
1403715568412143104.000000 0.244902 -16.835570 3.141196
1403715568462142976.000000 0.633328 -17.310644 3.104084
1403715568512143104.000000 0.770159 -17.710216 2.944974
1403715568562142976.000000 1.125337 -18.043030 2.763930
1403715568612143360.000000 1.400523 -18.443769 2.784783
1403715568662142976.000000 1.606272 -18.837095 2.891323
1403715568712143104.000000 1.812378 -19.017946 2.394281
1403715568762143232.000000 2.073806 -19.343946 2.340863
1403715568812143104.000000 2.446436 -19.630563 2.493144
1403715568862142976.000000 2.677832 -19.760647 2.193613
1403715568912143104.000000 3.117758 -19.965158 2.086239
1403715568962142976.000000 3.552127 -20.132949 2.044331
1403715569012143104.000000 3.844812 -20.336697 1.943974
1403715569062142976.000000 4.181978 -20.477392 1.933613
1403715569112143360.000000 4.794131 -20.717562 2.023225
1403715569162142976.000000 5.152061 -20.898119 1.999827
1403715569212143104.000000 5.670045 -20.881458 1.739870
1403715569262143232.000000 6.085306 -21.042538 1.641466
1403715569312143104.000000 6.491081 -21.185027 1.600723
1403715569362142976.000000 6.886823 -21.346445 1.575393
1403715569412143104.000000 7.338819 -21.382331 1.505786
1403715569462142976.000000 7.725355 -21.504370 1.497812
1403715569512143104.000000 8.090032 -21.606558 1.421728
1403715569562142976.000000 8.529281 -21.610572 1.470322
1403715569612143360.000000 8.954143 -21.603159 1.499460
1403715569662142976.000000 9.298730 -21.588293 1.418418
1403715569712143104.000000 9.758060 -21.476335 1.449794
1403715569762143232.000000 10.060696 -21.404103 1.414727
1403715569812143104.000000 10.461485 -21.323798 1.389512
1403715569862142976.000000 10.837476 -21.181488 1.379826
1403715569912143104.000000 11.204971 -21.041249 1.403337
1403715569962142976.000000 11.437722 -20.925519 1.322187
1403715570012143104.000000 11.891664 -20.691880 1.262796
1403715570062142976.000000 12.311384 -20.391366 1.283206
1403715570112143360.000000 12.543438 -20.144187 1.189228
1403715570162142976.000000 12.834006 -19.849945 1.113492
1403715570212143104.000000 13.270851 -19.530559 1.230038
1403715570262143232.000000 13.554727 -19.251716 1.309726
1403715570312143104.000000 13.773960 -18.922098 1.384410
1403715570362142976.000000 13.915581 -18.568916 1.414686
1403715570412143104.000000 14.238155 -18.039511 1.304058
1403715570462142976.000000 14.158311 -17.861278 1.277433
1403715570512143104.000000 14.455900 -17.250581 1.032347
1403715570562142976.000000 14.806305 -16.778014 1.279441
1403715570612143360.000000 14.875110 -16.494624 1.072675
1403715570662142976.000000 14.841446 -15.950742 1.037439
1403715570712143104.000000 14.834208 -15.604864 0.941090
1403715570762143232.000000 14.888495 -15.190827 0.878898
1403715570812143104.000000 14.557912 -14.460165 0.818573
1403715570862142976.000000 14.702328 -14.199441 0.592727
1403715570912143104.000000 14.576460 -13.636005 0.284452
1403715570962142976.000000 14.367983 -12.989452 0.058305
1403715571012143104.000000 14.494708 -12.623418 0.486713
1403715571062142976.000000 14.368023 -12.091212 0.442580
1403715571112143360.000000 14.253072 -11.680310 0.450153
1403715571162142976.000000 14.177622 -11.206271 0.316600
1403715571212143104.000000 13.973756 -10.747033 0.209118
1403715571262143232.000000 13.782135 -10.297871 0.053670
1403715571312143104.000000 13.691880 -9.873705 0.020386
1403715571362142976.000000 13.545059 -9.459189 0.013943
1403715571412143104.000000 13.315257 -9.050293 -0.039418
1403715571462142976.000000 12.964774 -8.483790 -0.115600
1403715571512143104.000000 12.810171 -8.162579 -0.184434
1403715571562142976.000000 12.499055 -7.752651 -0.209010
1403715571612143360.000000 12.218918 -7.375214 -0.297404
1403715571662142976.000000 11.920376 -6.956165 -0.440541
1403715571712143104.000000 11.612279 -6.598165 -0.560028
1403715571762143232.000000 11.448645 -6.326866 -0.734960
1403715571812143104.000000 11.270604 -6.032078 -0.937294
1403715571862142976.000000 11.088546 -5.765901 -1.141457
1403715571912143104.000000 10.994984 -5.557620 -1.381599
1403715571962142976.000000 10.952344 -5.339090 -1.461380
1403715572012143104.000000 10.974161 -5.157406 -1.586827
1403715572062142976.000000 11.106765 -5.062189 -1.873733
1403715572112143360.000000 11.288071 -4.924656 -2.079511
1403715572162142976.000000 11.650658 -4.828046 -2.234427
1403715572212143104.000000 12.011864 -4.664350 -2.521025
1403715572262143232.000000 12.455351 -4.518050 -2.667794
1403715572312143104.000000 12.940895 -4.395757 -2.683991
1403715572362142976.000000 13.469662 -4.168717 -2.899089
1403715572412143104.000000 14.088522 -3.926437 -3.010903
1403715572462142976.000000 14.673011 -3.749776 -3.008665
1403715572512143104.000000 15.190951 -3.400299 -3.243690
1403715572562142976.000000 15.626135 -3.009598 -3.437677
1403715572612143360.000000 16.084116 -2.700948 -3.576417
1403715572662142976.000000 16.506911 -2.325682 -3.710135
1403715572712143104.000000 16.853014 -1.923373 -3.902560
1403715572762143232.000000 17.231741 -1.569155 -4.041616
1403715572812143104.000000 17.547958 -1.173940 -4.084138
1403715572862142976.000000 17.840013 -0.782880 -4.129721
1403715572912143104.000000 18.093251 -0.410654 -4.113192
1403715572962142976.000000 18.263073 0.119733 -4.113463
1403715573012143104.000000 18.443552 0.589868 -4.030519
1403715573062142976.000000 18.625941 1.016118 -3.946543
1403715573112143360.000000 18.767775 1.445303 -3.852904
1403715573162142976.000000 18.946698 1.874505 -3.748102
1403715573212143104.000000 19.057238 2.244193 -3.598178
1403715573262143232.000000 19.185739 2.689243 -3.442247
1403715573312143104.000000 19.225516 3.166399 -3.410387
1403715573362142976.000000 19.316734 3.532354 -3.067026
1403715573412143104.000000 19.381556 3.907145 -2.977753
1403715573462142976.000000 19.506397 4.286635 -2.912537
1403715573512143104.000000 19.494806 4.636837 -2.692165
1403715573562142976.000000 19.549419 5.007204 -2.640817
1403715573612143360.000000 19.558349 5.463426 -2.489432
1403715573662142976.000000 19.769019 5.776190 -2.382187
1403715573712143104.000000 19.995783 6.085539 -2.268310
1403715573762143232.000000 20.151440 6.435231 -2.199471
1403715573812143104.000000 20.342348 6.774749 -2.174618
1403715573862142976.000000 20.403481 7.161043 -2.023867
1403715573912143104.000000 20.515025 7.546079 -1.962208
1403715573962142976.000000 20.608922 7.990204 -1.785639
1403715574012143104.000000 20.722824 8.354924 -1.755720
1403715574062142976.000000 20.820268 8.814696 -1.588712
1403715574112143360.000000 20.898632 9.284311 -1.429926
1403715574162142976.000000 20.937698 9.777305 -1.270516
1403715574212143104.000000 21.027416 10.302962 -1.162122
1403715574262143232.000000 21.100805 10.806000 -1.089384
1403715574312143104.000000 21.165180 11.360451 -0.977547
1403715574362142976.000000 21.160385 11.871535 -0.844684
1403715574412143104.000000 21.247116 12.414225 -0.753732
1403715574462142976.000000 21.211674 13.022956 -0.726460
1403715574512143104.000000 21.199980 13.530188 -0.710262
1403715574562142976.000000 21.203668 14.118649 -0.538486
1403715574612143360.000000 21.138251 14.654844 -0.496473
1403715574662142976.000000 20.987375 15.135891 -0.462105
1403715574712143104.000000 20.882306 15.593104 -0.406832
1403715574762143232.000000 20.641427 16.021950 -0.328525
1403715574812143104.000000 20.417869 16.471369 -0.345274
1403715574862142976.000000 20.225297 16.962137 -0.120822
1403715574912143104.000000 19.885146 17.277924 -0.088311
1403715574962142976.000000 19.594643 17.757377 0.001114
1403715575012143104.000000 19.335490 18.179885 0.157040
1403715575062142976.000000 19.048529 18.570789 0.222012
1403715575112143360.000000 18.705463 18.983038 0.344732
1403715575162142976.000000 18.348619 19.309352 0.473800
1403715575212143104.000000 18.011944 19.702703 0.585488
1403715575262143232.000000 17.651831 20.019617 0.720253
1403715575312143104.000000 17.283594 20.350422 0.771733
1403715575362142976.000000 16.929883 20.643079 0.791158
1403715575412143104.000000 16.665127 20.915373 0.966614
1403715575462142976.000000 16.310922 21.148987 1.034143
1403715575512143104.000000 15.956572 21.367981 1.158301
1403715575562142976.000000 15.600773 21.517672 1.228037
1403715575612143360.000000 15.247907 21.656568 1.374724
1403715575662142976.000000 14.856115 21.811895 1.437237
1403715575712143104.000000 14.453896 21.890572 1.612413
1403715575762143232.000000 14.074717 21.942380 1.699878
1403715575812143104.000000 13.562154 21.886781 1.790655
1403715575862142976.000000 13.100066 21.856733 1.943987
1403715575912143104.000000 12.596807 21.762514 2.044033
1403715575962142976.000000 12.072436 21.637957 2.172550
1403715576012143104.000000 11.501485 21.467933 2.289181
1403715576062142976.000000 10.911370 21.320410 2.408043
1403715576112143360.000000 10.339678 21.122104 2.495914
1403715576162142976.000000 9.743086 20.897315 2.605289
1403715576212143104.000000 9.142649 20.696417 2.707575
1403715576262143232.000000 8.539776 20.467830 2.827845
1403715576312143104.000000 7.924910 20.201346 2.915007
1403715576362142976.000000 7.347599 19.955473 3.032612
1403715576412143104.000000 6.721784 19.579802 3.087153
1403715576462142976.000000 6.131610 19.335695 3.238348
1403715576512143104.000000 5.583410 19.012271 3.417672
1403715576562142976.000000 4.982860 18.694286 3.556676
1403715576612143360.000000 4.465934 18.337119 3.675037
1403715576662142976.000000 3.931109 17.879912 3.798966
1403715576712143104.000000 3.492991 17.419929 3.853350
1403715576762143232.000000 2.935504 16.869467 3.980017
1403715576812143104.000000 2.478133 16.395941 4.088487
1403715576862142976.000000 2.076084 15.875338 4.269360
1403715576912143104.000000 1.583190 15.225626 4.393182
1403715576962142976.000000 1.121444 14.565286 4.461763
1403715577012143104.000000 0.815497 14.088500 4.620904
1403715577062142976.000000 0.340938 13.402868 4.769115
1403715577112143360.000000 -0.190654 12.665698 4.878517
1403715577162142976.000000 -0.623465 11.917079 5.002942
1403715577212143104.000000 -1.013381 11.331974 5.085555
1403715577262143232.000000 -1.473757 10.582612 5.097082
1403715577312143104.000000 -1.806970 9.950769 5.043301
1403715577362142976.000000 -2.194511 9.322537 4.850063
1403715577412143104.000000 -2.592700 8.591350 4.769197
1403715577462142976.000000 -2.936335 7.978632 4.647448
1403715577512143104.000000 -3.187865 7.432133 4.551910
1403715577562142976.000000 -3.593273 6.655218 4.373850
1403715577612143360.000000 -4.036014 5.872766 4.198305
1403715577662142976.000000 -4.185110 5.327956 4.142078
1403715577712143104.000000 -4.560375 4.634691 4.100987
1403715577762143232.000000 -4.791736 3.987089 4.194043
1403715577812143104.000000 -5.155994 3.251483 4.250606
1403715577862142976.000000 -5.415140 2.593438 4.215684
1403715577912143104.000000 -5.725119 1.886827 4.233256
1403715577962142976.000000 -5.897912 1.275261 4.158403
1403715578012143104.000000 -6.113188 0.601030 4.033801
1403715578062142976.000000 -6.224928 0.005008 3.870892
1403715578112143360.000000 -6.463235 -0.702019 3.611953
1403715578162142976.000000 -6.729604 -1.410965 3.323061
1403715578212143104.000000 -6.794467 -1.980272 3.097407
1403715578262143232.000000 -6.837594 -2.527804 2.858716
1403715578312143104.000000 -6.776079 -3.040396 2.546362
1403715578362142976.000000 -6.797807 -3.522390 2.316332
1403715578412143104.000000 -6.649983 -3.994731 2.099857
1403715578462142976.000000 -6.659308 -4.466921 1.974464
1403715578512143104.000000 -6.567067 -4.884306 1.516443
1403715578562142976.000000 -6.453975 -5.224348 1.066879
1403715578612143360.000000 -6.438108 -5.721930 0.910029
1403715578662142976.000000 -6.230680 -6.079118 0.541967
1403715578712143104.000000 -6.139354 -6.217929 0.058399
1403715578762143232.000000 -5.829546 -6.464887 -0.159553
1403715578812143104.000000 -5.736272 -6.658383 -0.473651
1403715578862142976.000000 -5.120594 -6.717951 -0.545848
1403715578912143104.000000 -4.882243 -6.654597 -0.828080
1403715578962142976.000000 -4.721376 -6.536491 -1.110955
1403715579012143104.000000 -4.548481 -6.514755 -1.210196
1403715579062142976.000000 -4.381879 -6.271429 -1.426772
1403715579112143360.000000 -4.225160 -5.990824 -1.582139
1403715579162142976.000000 -4.130930 -5.625648 -1.697773
1403715579212143104.000000 -4.118147 -5.280485 -1.774057
1403715579262143232.000000 -4.173077 -4.891769 -1.786178
1403715579312143104.000000 -4.293572 -4.487254 -1.793066
1403715579362142976.000000 -4.440211 -4.210999 -1.812738
1403715579412143104.000000 -4.684223 -3.807842 -1.860565
1403715579462142976.000000 -4.990659 -3.385399 -1.887855
1403715579512143104.000000 -5.385891 -2.941127 -1.879553
1403715579562142976.000000 -5.858266 -2.506026 -1.908987
1403715579612143360.000000 -6.248864 -2.133453 -1.984979
1403715579662142976.000000 -6.738820 -1.685277 -2.036162
1403715579712143104.000000 -7.280872 -1.233424 -2.050366
1403715579762143232.000000 -7.839139 -0.826694 -1.998287
1403715579812143104.000000 -8.334937 -0.374819 -1.999020
1403715579862142976.000000 -8.981111 0.139137 -1.990893
1403715579912143104.000000 -9.618579 0.568484 -1.891440
1403715579962142976.000000 -10.375667 0.990828 -1.639971
1403715580012143104.000000 -11.141533 1.463881 -1.467513
1403715580062142976.000000 -11.743602 1.946334 -1.530120
1403715580112143360.000000 -12.530242 2.312447 -1.353524
1403715580162142976.000000 -13.268881 2.831402 -1.428470
1403715580212143104.000000 -14.077821 3.186975 -1.336590
1403715580262143232.000000 -14.830869 3.634203 -1.400683
1403715580312143104.000000 -15.607824 4.149684 -1.619950
1403715580362142976.000000 -16.335795 4.623787 -1.771437
1403715580412143104.000000 -17.079103 4.995583 -1.814765
1403715580462142976.000000 -17.705654 5.425384 -1.873333
1403715580512143104.000000 -18.595597 5.770965 -2.014842
1403715580562142976.000000 -19.414863 6.079436 -1.987263
1403715580612143360.000000 -20.148627 6.544316 -1.891661
1403715580662142976.000000 -20.865317 6.853465 -1.940856
1403715580712143104.000000 -21.581761 7.208468 -1.902295
1403715580762143232.000000 -22.168607 7.521705 -2.093770
1403715580812143104.000000 -22.874505 7.851781 -2.053307
1403715580862142976.000000 -23.402829 8.127634 -1.998068
1403715580912143104.000000 -23.949481 8.441156 -2.053562
1403715580962142976.000000 -24.360389 8.542659 -2.015706
1403715581012143104.000000 -24.683342 8.691590 -2.045990
1403715581062142976.000000 -25.036528 8.990516 -1.942343
1403715581112143360.000000 -25.224197 9.137027 -2.019935
1403715581162142976.000000 -25.359312 9.280978 -1.957728
1403715581212143104.000000 -25.398276 9.437254 -1.934698
1403715581262143232.000000 -25.417704 9.568294 -1.952574
1403715581312143104.000000 -25.342728 9.754165 -1.919776
1403715581362142976.000000 -25.233902 9.871325 -1.928493
1403715581412143104.000000 -25.140035 10.066432 -1.826970
1403715581462142976.000000 -24.888482 10.209203 -1.811885
1403715581512143104.000000 -24.721167 10.440494 -1.747211
1403715581562142976.000000 -24.476899 10.547722 -1.843148
1403715581612143360.000000 -24.250110 10.732518 -1.827912
1403715581662142976.000000 -23.982766 10.892504 -1.953141
1403715581712143104.000000 -23.765774 11.068719 -2.019824
1403715581762143232.000000 -23.552891 11.303288 -2.149115
1403715581812143104.000000 -23.225026 11.395562 -2.310641
1403715581862142976.000000 -23.109321 11.626228 -2.410828
1403715581912143104.000000 -22.871040 11.798529 -2.401887
1403715581962142976.000000 -22.868168 12.107803 -2.500859
1403715582012143104.000000 -22.688592 12.280030 -2.438953
1403715582062142976.000000 -22.645711 12.471109 -2.398750
1403715582112143360.000000 -22.309659 12.641583 -2.177084
1403715582162142976.000000 -22.465002 12.895131 -2.178427
1403715582212143104.000000 -22.353791 13.104303 -1.967747
1403715582262143232.000000 -22.315832 13.332373 -1.852235
1403715582312143104.000000 -22.297341 13.491095 -1.895903
1403715582362142976.000000 -22.415379 13.591488 -2.189962
1403715582412143104.000000 -22.298511 13.723222 -2.265907
1403715582462142976.000000 -22.278697 13.843130 -2.371772
1403715582512143104.000000 -22.206368 13.969116 -2.297514
1403715582562142976.000000 -22.236736 14.072485 -2.321580
1403715582612143360.000000 -22.300533 14.244753 -2.211359
1403715582662142976.000000 -22.315088 14.368708 -2.217881
1403715582712143104.000000 -22.354776 14.525985 -2.230938
1403715582762143232.000000 -22.460546 14.672785 -2.186447
1403715582812143104.000000 -22.453899 14.910494 -2.105963
1403715582862142976.000000 -22.536304 15.103210 -2.206765
1403715582912143104.000000 -22.628657 15.335015 -2.143825
1403715582962142976.000000 -22.696231 15.594981 -2.280113
1403715583012143104.000000 -22.875272 15.868796 -2.389408
1403715583062142976.000000 -22.968561 16.190651 -2.459717
1403715583112143360.000000 -23.080039 16.559380 -2.576231
1403715583162142976.000000 -23.246865 16.925677 -2.721268
1403715583212143104.000000 -23.396482 17.374495 -2.858967
1403715583262143232.000000 -23.590000 17.863780 -2.927326
1403715583312143104.000000 -23.800977 18.296497 -3.214959
1403715583362142976.000000 -23.960206 18.724228 -3.303078
1403715583412143104.000000 -24.026871 19.162561 -3.336495
1403715583462142976.000000 -24.300563 19.635506 -3.488884
1403715583512143104.000000 -24.406781 20.021551 -3.602548
1403715583562142976.000000 -24.554671 20.417208 -3.682954
1403715583612143360.000000 -24.633074 20.728292 -3.740230
1403715583662142976.000000 -24.878538 20.960284 -3.936884
1403715583712143104.000000 -24.974042 21.111290 -4.117545
1403715583762143232.000000 -25.115485 21.226361 -4.149359
1403715583812143104.000000 -25.237110 21.220731 -4.218180
1403715583862142976.000000 -25.315642 21.121945 -4.239485
1403715583912143104.000000 -25.457990 20.820341 -4.383202
1403715583962142976.000000 -25.567849 20.457910 -4.348033
1403715584012143104.000000 -25.560941 19.932628 -4.250168
1403715584062142976.000000 -25.718966 19.300185 -4.124332
1403715584112143360.000000 -25.701625 18.514160 -3.919144
1403715584162142976.000000 -25.803783 17.645924 -3.727062
1403715584212143104.000000 -25.850384 16.686144 -3.611632
1403715584262143232.000000 -25.883136 15.685831 -3.334892
1403715584312143104.000000 -25.862469 14.638150 -3.042493
1403715584362142976.000000 -25.780977 13.580433 -2.815094
1403715584412143104.000000 -25.611164 12.551395 -2.807584
1403715584462142976.000000 -25.399073 11.492042 -2.602590
1403715584512143104.000000 -25.227864 10.447206 -2.540038
1403715584562142976.000000 -25.151990 9.432060 -2.544890
1403715584612143360.000000 -24.901684 8.391949 -2.422511
1403715584662142976.000000 -24.650230 7.434708 -2.459449
1403715584712143104.000000 -24.347022 6.537606 -2.330623
1403715584762143232.000000 -24.060460 5.598253 -2.315172
1403715584812143104.000000 -23.759135 4.767203 -2.219500
1403715584862142976.000000 -23.436220 3.938418 -2.162096
1403715584912143104.000000 -23.262426 3.194870 -1.968296
1403715584962142976.000000 -22.929765 2.408904 -1.936416
1403715585012143104.000000 -22.470812 1.678105 -1.907738
1403715585062142976.000000 -22.141992 1.045514 -1.880160
1403715585112143360.000000 -21.980892 0.476007 -1.786254
1403715585162142976.000000 -21.923000 -0.008396 -1.653734
1403715585212143104.000000 -21.744429 -0.461384 -1.578633
1403715585262143232.000000 -21.573977 -0.882814 -1.433548
1403715585312143104.000000 -21.450827 -1.169318 -1.304402
1403715585362142976.000000 -21.330211 -1.430755 -1.241290
1403715585412143104.000000 -21.224873 -1.628457 -1.056949
1403715585462142976.000000 -21.123874 -1.776254 -0.948509
1403715585512143104.000000 -21.021901 -1.900546 -0.793135
1403715585562142976.000000 -20.926589 -1.964431 -0.691463
1403715585612143360.000000 -20.891536 -2.012201 -0.593268
1403715585662142976.000000 -20.846426 -2.044033 -0.478280
1403715585712143104.000000 -20.909781 -2.060638 -0.447394
1403715585762143232.000000 -20.855816 -2.050123 -0.405470
1403715585812143104.000000 -20.927510 -2.018914 -0.392697
1403715585862142976.000000 -20.916283 -1.972852 -0.520636
1403715585912143104.000000 -21.042970 -1.918696 -0.660078
1403715585962142976.000000 -21.092452 -1.817773 -0.838955
1403715586012143104.000000 -21.171863 -1.717854 -0.986023
1403715586062142976.000000 -21.247826 -1.593927 -1.121086
1403715586112143360.000000 -21.289809 -1.441580 -1.222652
1403715586162142976.000000 -21.304885 -1.247133 -1.299800
1403715586212143104.000000 -21.255065 -1.065287 -1.309278
1403715586262143232.000000 -21.206915 -0.895857 -1.263767
1403715586312143104.000000 -21.163385 -0.750055 -1.322509
1403715586362142976.000000 -21.110664 -0.614687 -1.309753
1403715586412143104.000000 -21.019880 -0.463296 -1.331530
1403715586462142976.000000 -20.937706 -0.372175 -1.306585
1403715586512143104.000000 -20.924558 -0.278115 -1.323019
1403715586562142976.000000 -20.873076 -0.253664 -1.335833
1403715586612143360.000000 -20.863082 -0.224828 -1.332044
1403715586662142976.000000 -20.869753 -0.230291 -1.338160
1403715586712143104.000000 -20.916382 -0.242381 -1.293242
1403715586762143232.000000 -21.008484 -0.322767 -1.326653
1403715586812143104.000000 -21.022016 -0.391587 -1.286433
1403715586862142976.000000 -21.145073 -0.505547 -1.299428
1403715586912143104.000000 -21.185045 -0.615031 -1.294466
1403715586962142976.000000 -21.212474 -0.720594 -1.259624
1403715587012143104.000000 -21.293367 -0.828609 -1.263444
1403715587062142976.000000 -21.358551 -0.946858 -1.229755
1403715587112143360.000000 -21.447742 -1.028649 -1.199709
1403715587162142976.000000 -21.510018 -1.109226 -1.149845
1403715587212143104.000000 -21.553365 -1.200525 -1.090345
1403715587262143232.000000 -21.627455 -1.285976 -1.022667
1403715587312143104.000000 -21.661633 -1.367758 -0.921122
1403715587362142976.000000 -21.705794 -1.479677 -0.831211
1403715587412143104.000000 -21.825084 -1.598524 -0.750058
1403715587462142976.000000 -21.880792 -1.739484 -0.641376
1403715587512143104.000000 -21.965988 -1.863049 -0.551347
1403715587562142976.000000 -22.042946 -1.993825 -0.479801
1403715587612143360.000000 -22.082662 -2.153241 -0.356666
1403715587662142976.000000 -22.080106 -2.315524 -0.252035
1403715587712143104.000000 -22.081185 -2.461159 -0.176480
1403715587762143232.000000 -22.021709 -2.638508 -0.082891
1403715587812143104.000000 -21.863476 -2.795384 0.022303
1403715587862142976.000000 -21.793518 -2.966774 0.116428
1403715587912143104.000000 -21.677867 -3.158233 0.162881
1403715587962142976.000000 -21.475017 -3.291144 0.360815
1403715588012143104.000000 -21.245781 -3.435778 0.447226
1403715588062142976.000000 -21.083391 -3.650260 0.580926
1403715588112143360.000000 -20.822009 -3.808478 0.575051
1403715588162142976.000000 -20.527785 -4.054932 0.599481
1403715588212143104.000000 -20.351392 -4.315597 0.634604
1403715588262143232.000000 -20.090588 -4.562410 0.557861
1403715588312143104.000000 -19.792132 -4.777823 0.284201
1403715588362142976.000000 -19.480866 -5.144826 0.136826
1403715588412143104.000000 -19.172215 -5.433343 -0.183402
1403715588462142976.000000 -18.831988 -5.803776 -0.518826
1403715588512143104.000000 -18.613382 -6.113694 -0.700369
1403715588562142976.000000 -18.344035 -6.625874 -0.913681
1403715588612143360.000000 -18.224076 -7.026696 -1.098323
1403715588662142976.000000 -17.976490 -7.527328 -1.213436
1403715588712143104.000000 -17.861027 -7.927222 -1.389358
1403715588762143232.000000 -17.660379 -8.503436 -1.614202
1403715588812143104.000000 -17.436990 -9.008436 -1.887258
1403715588862142976.000000 -17.260173 -9.364660 -2.194298
1403715588912143104.000000 -17.043974 -10.084795 -2.466286
1403715588962142976.000000 -16.887273 -10.807678 -2.712606
1403715589012143104.000000 -16.502990 -11.218351 -2.681790
1403715589062142976.000000 -16.429451 -11.510381 -2.901061
1403715589112143360.000000 -16.156001 -11.571464 -3.253565
1403715589162142976.000000 -15.763187 -12.181402 -3.344233
1403715589212143104.000000 -15.318636 -12.597456 -3.301484
1403715589262143232.000000 -15.126488 -12.588214 -3.408749
1403715589312143104.000000 -14.608241 -13.153979 -3.245785
1403715589362142976.000000 -14.149340 -13.469774 -3.138361
1403715589412143104.000000 -13.757267 -13.745331 -3.254988
1403715589462142976.000000 -13.307582 -13.934373 -3.275054
1403715589512143104.000000 -12.754300 -14.150244 -3.202491
1403715589562142976.000000 -12.204081 -14.231374 -3.081637
1403715589612143360.000000 -11.521487 -14.338181 -2.939446
1403715589662142976.000000 -10.847315 -14.397892 -2.880789
1403715589712143104.000000 -10.029824 -14.395397 -2.625003
1403715589762143232.000000 -9.164643 -14.604589 -2.400334
1403715589812143104.000000 -8.215793 -14.433805 -2.013743
1403715589862142976.000000 -7.212668 -14.437688 -1.674443
1403715589912143104.000000 -5.982542 -14.504580 -1.410587
1403715589962142976.000000 -5.031609 -14.368138 -0.946396
1403715590012143104.000000 -4.064233 -14.319688 -0.603053
1403715590062142976.000000 -3.081061 -14.231717 -0.344340
1403715590112143360.000000 -2.131302 -14.068773 -0.010735
1403715590162142976.000000 -1.251548 -13.927429 0.257183
1403715590212143104.000000 -0.291603 -13.786450 0.513877
1403715590262143232.000000 0.710137 -13.690277 0.892167
1403715590312143104.000000 1.558296 -13.491153 1.036527
1403715590362142976.000000 2.453670 -13.321079 1.230656
1403715590412143104.000000 3.242672 -13.066005 1.492798
1403715590462142976.000000 4.118940 -12.888266 1.618840
1403715590512143104.000000 4.898838 -12.538595 1.909628
1403715590562142976.000000 5.665165 -12.241137 2.129554
1403715590612143360.000000 6.409442 -11.903023 2.305311
1403715590662142976.000000 7.193023 -11.590349 2.534646
1403715590712143104.000000 7.796201 -11.088940 2.634055
1403715590762143232.000000 8.616525 -10.712760 2.912349
1403715590812143104.000000 9.282948 -10.213313 3.127860
1403715590862142976.000000 9.948061 -9.633451 3.277085
1403715590912143104.000000 10.646109 -9.166093 3.585913
1403715590962142976.000000 11.367170 -8.611101 3.822011
1403715591012143104.000000 11.966709 -8.064564 3.906044
1403715591062142976.000000 12.625128 -7.521385 4.184800
1403715591112143360.000000 13.209670 -6.904368 4.396633
1403715591162142976.000000 13.807724 -6.331629 4.491418
1403715591212143104.000000 14.420349 -5.726571 4.641976
1403715591262143232.000000 14.945237 -5.163806 4.805532
1403715591312143104.000000 15.551601 -4.527139 5.007607
1403715591362142976.000000 16.104099 -3.907166 5.232371
1403715591412143104.000000 16.631370 -3.259944 5.352713
1403715591462142976.000000 17.127032 -2.586969 5.483177
1403715591512143104.000000 17.508108 -1.935799 5.566515
1403715591562142976.000000 17.938742 -1.146345 5.741964
1403715591612143360.000000 18.445960 -0.391494 5.793462
1403715591662142976.000000 18.804785 0.287150 5.776460
1403715591712143104.000000 19.103917 1.030370 5.887482
1403715591762143232.000000 19.511842 1.814671 6.015749
1403715591812143104.000000 19.665612 2.560276 5.831915
1403715591862142976.000000 20.051305 3.329087 5.712997
1403715591912143104.000000 20.161963 4.126718 5.498241
1403715591962142976.000000 20.414490 4.946997 5.396588
1403715592012143104.000000 20.546407 5.745994 5.166309
1403715592062142976.000000 20.703201 6.542587 4.931212
1403715592112143360.000000 20.821003 7.401255 4.653814
1403715592162142976.000000 20.919082 8.173691 4.427028
1403715592212143104.000000 20.887744 8.988868 4.185159
1403715592262143232.000000 20.793541 9.730225 3.957789
1403715592312143104.000000 20.700820 10.516220 3.836546
1403715592362142976.000000 20.449989 11.216348 3.687393
1403715592412143104.000000 20.281312 11.942233 3.610759
1403715592462142976.000000 19.978591 12.595419 3.527999
1403715592512143104.000000 19.669790 13.279990 3.567949
1403715592562142976.000000 19.306524 13.923829 3.515675
1403715592612143360.000000 18.799626 14.466401 3.490897
1403715592662142976.000000 18.326160 15.035898 3.462442
1403715592712143104.000000 17.783432 15.517811 3.435565
1403715592762143232.000000 17.172591 15.927099 3.424563
1403715592812143104.000000 16.526459 16.303857 3.453332
1403715592862142976.000000 15.814762 16.630687 3.480715
1403715592912143104.000000 15.153282 16.879496 3.511571
1403715592962142976.000000 14.363576 17.164074 3.467656
1403715593012143104.000000 13.546366 17.350940 3.475541
1403715593062142976.000000 12.752277 17.608455 3.512828
1403715593112143360.000000 11.987005 17.769872 3.504082
1403715593162142976.000000 11.202364 17.974825 3.488868
1403715593212143104.000000 10.427506 18.147480 3.443650
1403715593262143232.000000 9.609842 18.341968 3.443962
1403715593312143104.000000 8.849797 18.517371 3.408263
1403715593362142976.000000 8.071306 18.671017 3.375025
1403715593412143104.000000 7.289857 18.863219 3.428447
1403715593462142976.000000 6.533571 19.001899 3.351909
1403715593512143104.000000 5.775938 19.152262 3.371714
1403715593562142976.000000 4.952384 19.181769 3.388662
1403715593612143360.000000 4.181007 19.422993 3.282114
1403715593662142976.000000 3.394899 19.401832 3.327500
1403715593712143104.000000 2.601482 19.461123 3.427519
1403715593762143232.000000 1.894632 19.417179 3.477644
1403715593812143104.000000 1.156312 19.352771 3.366568
1403715593862142976.000000 0.483005 19.294170 3.311033
1403715593912143104.000000 -0.159166 19.168730 3.371956
1403715593962142976.000000 -0.810621 18.947265 3.334763
1403715594012143104.000000 -1.393351 18.736309 3.326853
1403715594062142976.000000 -2.004674 18.546982 3.244438
1403715594112143360.000000 -2.522659 18.244607 3.259599
1403715594162142976.000000 -3.020834 17.936926 3.237559
1403715594212143104.000000 -3.558671 17.577720 3.281778
1403715594262143232.000000 -4.077191 17.278191 3.286630
1403715594312143104.000000 -4.564341 16.906120 3.174804
1403715594362142976.000000 -5.017532 16.520091 3.210429
1403715594412143104.000000 -5.526123 16.131846 3.239998
1403715594462142976.000000 -5.913119 15.696828 3.199526
1403715594512143104.000000 -6.291290 15.213663 3.216930
1403715594562142976.000000 -6.686300 14.761776 3.170868
1403715594612143360.000000 -7.113215 14.284082 3.151312
1403715594662142976.000000 -7.390455 13.719660 3.158542
1403715594712143104.000000 -7.663321 13.175035 3.194982
1403715594762143232.000000 -7.967711 12.564352 3.119343
1403715594812143104.000000 -8.233811 12.006548 3.162520
1403715594862142976.000000 -8.494034 11.355351 3.101429
1403715594912143104.000000 -8.678128 10.721781 3.141040
1403715594962142976.000000 -8.852787 9.938142 3.209824
1403715595012143104.000000 -9.113395 9.220992 3.192732
1403715595062142976.000000 -9.284466 8.451245 3.126295
1403715595112143360.000000 -9.581202 7.644918 3.097680
1403715595162142976.000000 -9.841855 6.791378 3.045300
1403715595212143104.000000 -10.121583 5.947273 3.056098
1403715595262143232.000000 -10.320581 5.095955 3.073561
1403715595312143104.000000 -10.639547 4.206657 3.009803
1403715595362142976.000000 -10.940153 3.298677 2.993250
1403715595412143104.000000 -11.163671 2.443599 2.974500
1403715595462142976.000000 -11.406580 1.480668 2.935367
1403715595512143104.000000 -11.647372 0.574591 2.925222
1403715595562142976.000000 -11.970758 -0.335744 2.857103
1403715595612143360.000000 -12.218958 -1.231816 2.798647
1403715595662142976.000000 -12.498798 -2.108166 2.780238
1403715595712143104.000000 -12.799139 -3.041897 2.696301
1403715595762143232.000000 -13.042259 -3.912823 2.708324
1403715595812143104.000000 -13.218725 -4.728640 2.709413
1403715595862142976.000000 -13.367449 -5.522988 2.691679
1403715595912143104.000000 -13.493619 -6.244443 2.687902
1403715595962142976.000000 -13.535184 -6.887698 2.720407
1403715596012143104.000000 -13.558701 -7.465398 2.742854
1403715596062142976.000000 -13.559691 -7.893388 2.848834
1403715596112143360.000000 -13.501561 -8.229849 2.935923
1403715596162142976.000000 -13.423061 -8.463581 3.137813
1403715596212143104.000000 -13.342487 -8.568951 3.236224
1403715596262143232.000000 -13.284175 -8.561908 3.394735
1403715596312143104.000000 -13.212978 -8.495740 3.545828
1403715596362142976.000000 -13.100735 -8.276102 3.691578
1403715596412143104.000000 -13.001926 -8.042502 3.871071
1403715596462142976.000000 -12.840038 -7.742803 4.025935
1403715596512143104.000000 -12.647817 -7.429041 4.218410
1403715596562142976.000000 -12.429651 -7.087144 4.374598
1403715596612143360.000000 -12.175256 -6.825340 4.570995
1403715596662142976.000000 -11.935025 -6.522415 4.735902
1403715596712143104.000000 -11.635091 -6.252328 4.933844
1403715596762143232.000000 -11.285737 -6.050984 5.157053
1403715596812143104.000000 -10.873996 -5.908034 5.245006
1403715596862142976.000000 -10.446076 -5.737482 5.408778
1403715596912143104.000000 -9.965921 -5.649815 5.553575
1403715596962142976.000000 -9.356916 -5.590056 5.718229
1403715597012143104.000000 -8.833433 -5.663934 5.845963
1403715597062142976.000000 -8.214340 -5.723374 6.026131
1403715597112143360.000000 -7.467316 -5.919569 6.175079
1403715597162142976.000000 -6.786491 -6.099032 6.363685
1403715597212143104.000000 -5.960971 -6.409364 6.515781
1403715597262143232.000000 -5.110558 -6.735427 6.659022
1403715597312143104.000000 -4.193759 -7.093347 6.687789
1403715597362142976.000000 -3.375785 -7.530368 6.868676
1403715597412143104.000000 -2.588920 -8.091514 7.084785
1403715597462142976.000000 -1.706445 -8.515678 7.176079
1403715597512143104.000000 -0.780519 -8.966302 7.282626
1403715597562142976.000000 0.030818 -9.499146 7.447054
1403715597612143360.000000 0.851808 -10.019274 7.611389
1403715597662142976.000000 1.656336 -10.473069 7.645130
1403715597712143104.000000 2.506515 -10.927838 7.770131
1403715597762143232.000000 3.295221 -11.343667 7.822850
1403715597812143104.000000 4.103265 -11.785622 7.888143
1403715597862142976.000000 4.760257 -12.348356 7.939817
1403715597912143104.000000 5.539176 -12.742901 7.941642
1403715597962142976.000000 6.256414 -13.205219 8.005521
1403715598012143104.000000 6.971414 -13.612987 8.135331
1403715598062142976.000000 7.589313 -14.132730 8.294562
1403715598112143360.000000 8.205643 -14.578145 8.305958
1403715598162142976.000000 8.869980 -14.985935 8.157791
1403715598212143104.000000 9.576452 -15.321847 8.067358
1403715598262143232.000000 10.137040 -15.740852 8.130134
1403715598312143104.000000 10.699350 -16.126204 8.087542
1403715598362142976.000000 11.255959 -16.527734 8.034485
1403715598412143104.000000 11.699485 -16.895746 8.000036
1403715598462142976.000000 11.910155 -17.340440 7.908927
1403715598512143104.000000 12.569149 -17.520078 7.775918
1403715598562142976.000000 12.812972 -17.851089 7.730355
1403715598612143360.000000 13.010645 -18.085800 7.669082
1403715598662142976.000000 13.158349 -18.311769 7.574096
1403715598712143104.000000 13.176291 -18.519072 7.357158
1403715598762143232.000000 13.184159 -18.670777 7.294990
1403715598812143104.000000 13.121778 -18.780815 7.188925
1403715598862142976.000000 13.008080 -18.887784 7.022130
1403715598912143104.000000 13.034133 -18.961360 6.821060
1403715598962142976.000000 12.889591 -19.051809 6.631792
1403715599012143104.000000 12.786340 -19.067474 6.459051
1403715599062142976.000000 12.665245 -19.111210 6.268343
1403715599112143360.000000 12.410630 -19.180045 6.044640
1403715599162142976.000000 12.228777 -19.211308 5.804261
1403715599212143104.000000 11.965760 -19.239870 5.580444
1403715599262143232.000000 11.892811 -19.175901 5.406786
1403715599312143104.000000 11.781573 -19.137511 5.171039
1403715599362142976.000000 11.572321 -19.098397 4.902965
1403715599412143104.000000 11.437202 -19.088959 4.661517
1403715599462142976.000000 11.218564 -19.065908 4.378099
1403715599512143104.000000 11.067609 -19.053792 4.189864
1403715599562142976.000000 10.798890 -19.099550 3.942134
1403715599612143360.000000 10.538159 -19.157131 3.694858
1403715599662142976.000000 10.289500 -19.183985 3.425495
1403715599712143104.000000 9.883989 -19.399528 3.170222
1403715599762143232.000000 9.676029 -19.445180 3.013515
1403715599812143104.000000 9.274519 -19.644129 2.722612
1403715599862142976.000000 8.925977 -19.799109 2.500882
1403715599912143104.000000 8.530861 -19.987607 2.223088
1403715599962142976.000000 8.045317 -20.149595 2.055364
1403715600012143104.000000 7.638923 -20.275392 1.713664
1403715600062142976.000000 7.198287 -20.463893 1.469606
1403715600112143360.000000 6.811742 -20.612544 1.335527
1403715600162142976.000000 6.401412 -20.656360 1.003162
1403715600212143104.000000 6.014475 -20.746795 0.781495
1403715600262143232.000000 5.609906 -20.815425 0.508438
1403715600312143104.000000 5.211324 -20.829180 0.284992
1403715600362142976.000000 4.843883 -20.821687 0.128598
1403715600412143104.000000 4.507468 -20.740709 -0.163258
1403715600462142976.000000 4.182650 -20.551072 -0.389257
1403715600512143104.000000 3.901454 -20.353398 -0.622418
1403715600562142976.000000 3.618888 -20.198667 -0.788008
1403715600612143360.000000 3.415248 -19.907138 -1.020669
1403715600662142976.000000 3.186721 -19.661096 -1.212534
1403715600712143104.000000 3.026432 -19.513945 -1.362114
1403715600762143232.000000 2.815425 -19.243504 -1.479236
1403715600812143104.000000 2.667564 -18.946914 -1.609280
1403715600862142976.000000 2.528611 -18.602617 -1.686605
1403715600912143104.000000 2.458819 -18.343281 -1.647536
1403715600962142976.000000 2.379561 -18.065432 -1.610258
1403715601012143104.000000 2.335394 -17.692824 -1.490198
1403715601062142976.000000 2.343298 -17.436451 -1.397779
1403715601112143360.000000 2.326116 -17.112781 -1.246408
1403715601162142976.000000 2.346151 -16.787892 -1.081102
1403715601212143104.000000 2.377179 -16.515919 -0.865436
1403715601262143232.000000 2.465784 -16.194178 -0.650402
1403715601312143104.000000 2.480924 -15.856775 -0.452996
1403715601362142976.000000 2.499642 -15.474492 -0.162388
1403715601412143104.000000 2.641516 -15.109488 0.177702
1403715601462142976.000000 2.694858 -14.722970 0.265904
1403715601512143104.000000 2.715364 -14.334723 0.418114
1403715601562142976.000000 2.794886 -13.910532 0.649147
1403715601612143360.000000 2.818771 -13.408834 0.782020
1403715601662142976.000000 2.935267 -12.978120 1.035640
1403715601712143104.000000 2.995845 -12.460324 1.205168
1403715601762143232.000000 3.027085 -11.951723 1.368146
1403715601812143104.000000 3.181417 -11.484970 1.603155
1403715601862142976.000000 3.257291 -11.048950 1.763418
1403715601912143104.000000 3.299133 -10.478621 1.936933
1403715601962142976.000000 3.380338 -10.019779 2.057492
1403715602012143104.000000 3.452758 -9.501655 2.194315
1403715602062142976.000000 3.423032 -8.858930 2.332883
1403715602112143360.000000 3.441123 -8.399294 2.484585
1403715602162142976.000000 3.523075 -7.967224 2.810114
1403715602212143104.000000 3.471664 -7.383138 2.938492
1403715602262143232.000000 3.450278 -7.016185 2.878112
1403715602312143104.000000 3.302596 -6.488620 3.052955
1403715602362142976.000000 3.252999 -6.079616 3.164050
1403715602412143104.000000 2.997581 -5.567662 3.118406
1403715602462142976.000000 2.834996 -5.081318 3.209064
1403715602512143104.000000 2.649543 -4.694372 3.263862
1403715602562142976.000000 2.466344 -4.235478 3.341760
1403715602612143360.000000 2.212576 -3.798678 3.365438
1403715602662142976.000000 2.054548 -3.397051 3.413155
1403715602712143104.000000 1.837142 -2.916895 3.375742
1403715602762143232.000000 1.665376 -2.505367 3.368553
1403715602812143104.000000 1.450612 -2.068672 3.238959
1403715602862142976.000000 1.250313 -1.628448 3.141133
1403715602912143104.000000 1.088895 -1.087669 2.970764
1403715602962142976.000000 0.868897 -0.692109 2.763968
1403715603012143104.000000 0.718186 -0.242265 2.554254
1403715603062142976.000000 0.564219 0.276744 2.300663
1403715603112143360.000000 0.424518 0.701604 2.137725
1403715603162142976.000000 0.231464 1.195898 1.768248
1403715603212143104.000000 0.083659 1.727686 1.571822
1403715603262143232.000000 0.008959 2.249687 1.348504
1403715603312143104.000000 -0.131994 2.716076 1.112356
1403715603362142976.000000 -0.212492 3.327744 0.756554
1403715603412143104.000000 -0.376511 3.752754 0.535224
1403715603462142976.000000 -0.468515 4.231330 0.295399
1403715603512143104.000000 -0.486089 4.770197 0.199106
1403715603562142976.000000 -0.504903 5.323963 -0.038913
1403715603612143360.000000 -0.496866 5.805035 -0.218823
1403715603662142976.000000 -0.547842 6.242538 -0.406775
1403715603712143104.000000 -0.545236 6.814701 -0.493900
1403715603762143232.000000 -0.597974 7.202915 -0.622745
1403715603812143104.000000 -0.602684 7.563863 -0.718307
1403715603862142976.000000 -0.569223 8.044832 -0.668196
1403715603912143104.000000 -0.539382 8.445703 -0.683882
1403715603962142976.000000 -0.740515 8.641163 -0.822772
1403715604012143104.000000 -0.791123 8.996437 -0.858339
1403715604062142976.000000 -0.830126 9.222535 -0.869774
1403715604112143360.000000 -0.791545 9.472720 -0.821867
1403715604162142976.000000 -0.770074 9.807165 -0.784909
1403715604212143104.000000 -0.764494 9.795550 -0.761170
1403715604262143232.000000 -0.913843 9.766182 -1.020276
1403715604312143104.000000 -0.865881 9.911994 -1.048642
1403715604362142976.000000 -0.733507 10.118054 -1.011330
1403715604412143104.000000 -0.687355 10.134358 -1.031508
1403715604462142976.000000 -0.685294 10.152297 -1.224849
1403715604512143104.000000 -0.638917 10.212871 -1.293934
1403715604562142976.000000 -0.537178 10.261237 -1.314254
1403715604612143360.000000 -0.339944 10.405722 -1.288040
1403715604662142976.000000 -0.259722 10.445862 -1.395063
1403715604712143104.000000 -0.001352 10.598860 -1.338799
1403715604762143232.000000 0.114113 10.657644 -1.356639
1403715604812143104.000000 0.254986 10.656891 -1.381757
1403715604862142976.000000 0.350028 10.676460 -1.455562
1403715604912143104.000000 0.448374 10.707166 -1.620444
1403715604962142976.000000 0.479271 10.673865 -1.692699
1403715605012143104.000000 0.744988 10.842570 -1.709594
1403715605062142976.000000 0.863745 10.861532 -1.741075
1403715605112143360.000000 1.028017 10.925261 -1.684240
1403715605162142976.000000 1.168077 10.976356 -1.679226
1403715605212143104.000000 1.333701 11.022759 -1.675036
1403715605262143232.000000 1.503216 11.076884 -1.672564
1403715605312143104.000000 1.680239 11.153696 -1.632785
1403715605362142976.000000 1.863445 11.204731 -1.603716
1403715605412143104.000000 1.999201 11.262247 -1.622314
1403715605462142976.000000 2.206549 11.284597 -1.666942
1403715605512143104.000000 2.332203 11.351173 -1.693561
1403715605562142976.000000 2.494688 11.362704 -1.797882
1403715605612143360.000000 2.577625 11.370468 -1.864342
1403715605662142976.000000 2.750704 11.410402 -2.085756
1403715605712143104.000000 2.997360 11.432786 -2.107291
1403715605762143232.000000 3.238807 11.423658 -2.177036
1403715605812143104.000000 3.442375 11.509259 -2.312636
1403715605862142976.000000 3.461500 11.448203 -2.443170
1403715605912143104.000000 3.674498 11.429639 -2.566507
1403715605962142976.000000 3.806680 11.444314 -2.678637
1403715606012143104.000000 3.950932 11.439454 -2.784673
1403715606062142976.000000 4.119051 11.434201 -2.899079
1403715606112143360.000000 4.318184 11.453735 -3.058903
1403715606162142976.000000 4.474878 11.469412 -3.195622
1403715606212143104.000000 4.656965 11.489413 -3.141990
1403715606262143232.000000 4.941399 11.539401 -3.253314
1403715606312143104.000000 5.108246 11.559337 -3.385830
1403715606362142976.000000 5.252794 11.584800 -3.461656
1403715606412143104.000000 5.415142 11.608777 -3.531646
1403715606462142976.000000 5.580912 11.629792 -3.566599
1403715606512143104.000000 5.746225 11.638894 -3.581997
1403715606562142976.000000 5.857769 11.610533 -3.626225
1403715606612143360.000000 6.042386 11.663581 -3.610055
1403715606662142976.000000 6.170643 11.667931 -3.635563
1403715606712143104.000000 6.295550 11.664462 -3.661044
1403715606762143232.000000 6.366720 11.622541 -3.725793
1403715606812143104.000000 6.505637 11.640496 -3.744335
1403715606862142976.000000 6.560929 11.575054 -3.826577
1403715606912143104.000000 6.637356 11.535975 -3.896873
1403715606962142976.000000 6.702013 11.490314 -3.971028
1403715607012143104.000000 6.736175 11.449327 -4.048647
1403715607062142976.000000 6.780052 11.409669 -4.152254
1403715607112143360.000000 6.808944 11.375864 -4.245183
1403715607162142976.000000 6.821801 11.355847 -4.326773
1403715607212143104.000000 6.841901 11.338783 -4.408273
1403715607262143232.000000 6.851705 11.336052 -4.479487
1403715607312143104.000000 6.861135 11.338691 -4.540082
1403715607362142976.000000 6.857390 11.353724 -4.590865
1403715607412143104.000000 6.868988 11.371363 -4.639619
1403715607462142976.000000 6.865229 11.397025 -4.674057
1403715607512143104.000000 6.861389 11.435445 -4.712988
1403715607562142976.000000 6.853031 11.482230 -4.742630
1403715607612143360.000000 6.850558 11.532786 -4.767483
1403715607662142976.000000 6.836778 11.580866 -4.786282
1403715607712143104.000000 6.821912 11.649189 -4.796508
1403715607762143232.000000 6.817811 11.717564 -4.828995
1403715607812143104.000000 6.805997 11.797814 -4.879417
1403715607862142976.000000 6.794140 11.890869 -4.959467
1403715607912143104.000000 6.784291 11.977558 -5.055272
1403715607962142976.000000 6.793307 11.980483 -5.044096
1403715608012143104.000000 6.789249 11.975025 -5.031841
1403715608062142976.000000 6.790157 11.975554 -5.044150
1403715608112143360.000000 6.789323 11.968139 -5.055482
1403715608162142976.000000 6.794975 11.973470 -5.055601
1403715608212143104.000000 6.791521 11.974009 -5.056713
1403715608262143232.000000 6.786192 11.971016 -5.058203
1403715608312143104.000000 6.791683 11.972986 -5.059730
1403715608362142976.000000 6.791589 11.972847 -5.060078
1403715608412143104.000000 6.788445 11.969057 -5.062277
1403715608462142976.000000 6.791212 11.971424 -5.062493
1403715608512143104.000000 6.789968 11.971798 -5.063567
1403715608562142976.000000 6.790104 11.970938 -5.064176
1403715608612143360.000000 6.790325 11.970147 -5.064375
1403715608662142976.000000 6.791237 11.970664 -5.065005
1403715608712143104.000000 6.790411 11.970918 -5.065807
1403715608762143232.000000 6.790275 11.971239 -5.065427
1403715608812143104.000000 6.790404 11.971057 -5.065794
1403715608862142976.000000 6.791262 11.970683 -5.066361
1403715608912143104.000000 6.790745 11.970106 -5.066198
1403715608962142976.000000 6.790671 11.970450 -5.066292
1403715609012143104.000000 6.790332 11.971232 -5.066535
1403715609062142976.000000 6.790903 11.970107 -5.066933
1403715609112143360.000000 6.790093 11.970427 -5.066623
1403715609162142976.000000 6.789913 11.970295 -5.066579
1403715609212143104.000000 6.789768 11.971100 -5.066629
1403715609262143232.000000 6.790239 11.970625 -5.066596
1403715609312143104.000000 6.790138 11.970870 -5.067065
1403715609362142976.000000 6.790312 11.970625 -5.067099